-15 4.2308e+21 6.85603e-14 -6.85247e-14 0.000163942 0.000875451 6.40959e-23 0.590483 0.408478 0 2.2289e+06 6.85246e-14 
-14.8485 4.94613e+21 5.89261e-14 -5.88904e-14 0.00019073 0.0010185 1.1748e-22 0.590383 0.408408 0 3.01851e+06 5.88904e-14 
-14.697 5.7784e+21 5.06463e-14 -5.06107e-14 0.000221889 0.00118489 2.15322e-22 0.590266 0.408327 0 4.0875e+06 5.06107e-14 
-14.5455 6.74672e+21 4.35307e-14 -4.34951e-14 0.000258129 0.00137841 3.94636e-22 0.59013 0.408234 0 5.53471e+06 4.34951e-14 
-14.3939 7.87332e+21 3.74155e-14 -3.73799e-14 0.000300278 0.00160348 7.23252e-22 0.589972 0.408124 0 7.49393e+06 3.73799e-14 
-14.2424 9.18403e+21 3.21601e-14 -3.21245e-14 0.000349293 0.00186523 1.32545e-21 0.589788 0.407997 0 1.01462e+07 3.21244e-14 
-14.0909 1.07089e+22 2.76435e-14 -2.76079e-14 0.000406289 0.00216958 2.42893e-21 0.589575 0.407849 0 1.37367e+07 2.76079e-14 
-13.9394 1.24829e+22 2.3762e-14 -2.37264e-14 0.000472557 0.00252346 4.45082e-21 0.589326 0.407678 0 1.85972e+07 2.37264e-14 
-13.7879 1.45467e+22 2.04262e-14 -2.03906e-14 0.000549596 0.00293484 8.15523e-21 0.589038 0.407478 0 2.51764e+07 2.03905e-14 
-13.6364 1.69474e+22 1.75594e-14 -1.75238e-14 0.000639144 0.00341303 1.49416e-20 0.588702 0.407246 0 3.40822e+07 1.75237e-14 
-13.4848 1.974e+22 1.50956e-14 -1.506e-14 0.000743212 0.00396875 2.73728e-20 0.588312 0.406976 0 4.61364e+07 1.506e-14 
-13.3333 2.29883e+22 1.29782e-14 -1.29427e-14 0.000864133 0.00461447 5.0141e-20 0.587859 0.406662 0 6.24514e+07 1.29426e-14 
-13.1818 2.67665e+22 1.11586e-14 -1.1123e-14 0.0010046 0.00536457 9.18359e-20 0.587332 0.406298 0 8.45319e+07 1.11229e-14 
-13.0303 3.11606e+22 9.59471e-15 -9.55919e-15 0.00116773 0.00623569 1.68178e-19 0.586721 0.405875 0 1.14414e+08 9.55906e-15 
-12.8788 3.62707e+22 8.25073e-15 -8.21524e-15 0.00135713 0.00724705 3.0793e-19 0.586011 0.405384 0 1.54849e+08 8.21508e-15 
-12.7273 4.22129e+22 7.09571e-15 -7.06024e-15 0.00157693 0.00842078 5.63702e-19 0.585188 0.404815 0 2.09561e+08 7.06006e-15 
-12.5758 4.9122e+22 6.10307e-15 -6.06763e-15 0.00183191 0.00978239 1.03169e-18 0.584232 0.404154 0 2.83582e+08 6.06742e-15 
-12.4242 5.71543e+22 5.24999e-15 -5.21458e-15 0.00212756 0.0113612 1.8877e-18 0.583124 0.403387 0 3.83715e+08 5.21434e-15 
-12.2727 6.6491e+22 4.51684e-15 -4.48147e-15 0.00247017 0.0131907 3.45291e-18 0.58184 0.402499 0 5.19152e+08 4.4812e-15 
-12.1212 7.73423e+22 3.88677e-15 -3.85144e-15 0.00286693 0.0153094 6.31367e-18 0.580353 0.40147 0 7.02308e+08 3.85112e-15 
-11.9697 8.99513e+22 3.34527e-15 -3.31e-15 0.00332606 0.0177612 1.15399e-17 0.578633 0.40028 0 9.49949e+08 3.30962e-15 
-11.8182 1.046e+23 2.87989e-15 -2.84468e-15 0.00385688 0.0205958 2.10821e-17 0.576643 0.398904 0 1.28471e+09 2.84425e-15 
-11.6667 1.21613e+23 2.47994e-15 -2.4448e-15 0.00446997 0.0238697 3.84937e-17 0.574346 0.397315 0 1.73711e+09 2.4443e-15 
-11.5152 1.41367e+23 2.13621e-15 -2.10115e-15 0.00517724 0.0276465 7.02408e-17 0.571695 0.395481 0 2.34833e+09 2.10057e-15 
-11.3636 1.64295e+23 1.84079e-15 -1.80582e-15 0.00599204 0.0319975 1.28077e-16 0.568642 0.393369 0 3.17382e+09 1.80516e-15 
-11.2121 1.90897e+23 1.58689e-15 -1.55203e-15 0.00692925 0.0370022 2.33341e-16 0.56513 0.390939 0 4.28826e+09 1.55127e-15 
-11.0606 2.21748e+23 1.36867e-15 -1.33394e-15 0.00800531 0.0427484 4.24707e-16 0.561097 0.388149 0 5.79214e+09 1.33306e-15 
-10.9091 2.57507e+23 1.18112e-15 -1.14653e-15 0.00923824 0.0493322 7.72159e-16 0.556476 0.384953 0 7.82046e+09 1.14552e-15 
-10.7576 2.98932e+23 1.01991e-15 -9.85486e-16 0.0106476 0.0568579 1.40208e-15 0.551195 0.3813 0 1.05545e+10 9.84324e-16 
-10.6061 3.46888e+23 8.81343e-16 -8.47107e-16 0.0122541 0.065437 2.54222e-15 0.545174 0.377135 0 1.42373e+10 8.45777e-16 
-10.4545 4.0236e+23 7.62229e-16 -7.28208e-16 0.0140799 0.0751866 4.60189e-15 0.538332 0.372401 0 1.91942e+10 7.2669e-16 
-10.303 4.66471e+23 6.59829e-16 -6.26054e-16 0.0161475 0.0862276 8.31474e-15 0.530584 0.367041 0 2.58602e+10 6.24325e-16 
-10.1515 5.40492e+23 5.71789e-16 -5.38293e-16 0.0184797 0.0986814 1.49915e-14 0.521844 0.360995 0 3.48156e+10 5.36331e-16 
-10 6.25859e+23 4.96085e-16 -4.62906e-16 0.0210985 0.112666 2.69655e-14 0.51203 0.354206 0 4.68332e+10 4.60687e-16 
-9.84848 7.24187e+23 4.30978e-16 -3.98156e-16 0.0240243 0.12829 4.83744e-14 0.501065 0.346621 0 6.29397e+10 3.95656e-16 
-9.69697 8.37286e+23 3.74971e-16 -3.4255e-16 0.027275 0.145648 8.65236e-14 0.488883 0.338194 0 8.4496e+10 3.39747e-16 
-9.54545 9.67171e+23 3.26778e-16 -2.94806e-16 0.0308639 0.164813 1.54251e-13 0.475433 0.32889 0 1.13301e+11 2.91678e-16 
-9.39394 1.11607e+24 2.85294e-16 -2.53822e-16 0.0347992 0.185828 2.74001e-13 0.460685 0.318688 0 1.51725e+11 2.50351e-16 
-9.24242 1.28646e+24 2.49569e-16 -2.1865e-16 0.0390816 0.208696 4.84799e-13 0.444637 0.307586 0 2.02885e+11 2.1482e-16 
-9.09091 1.48103e+24 2.18784e-16 -1.88474e-16 0.0437036 0.233377 8.5411e-13 0.427315 0.295604 0 2.7086e+11 1.84275e-16 
-8.93939 1.70271e+24 1.92239e-16 -1.62593e-16 0.0486482 0.259781 1.49785e-12 0.408786 0.282785 0 3.60977e+11 1.58021e-16 
-8.78788 1.9547e+24 1.69328e-16 -1.40402e-16 0.0538878 0.287761 2.61396e-12 0.38915 0.269202 0 4.80166e+11 1.35461e-16 
-8.63636 2.2404e+24 1.49532e-16 -1.21383e-16 0.0593844 0.317113 4.53825e-12 0.368551 0.254952 0 6.37409e+11 1.16084e-16 
-8.48485 2.56349e+24 1.32407e-16 -1.05087e-16 0.0650904 0.347582 7.83681e-12 0.347167 0.24016 0 8.44307e+11 9.94498e-17 
-8.33333 2.92785e+24 1.1757e-16 -9.11275e-17 0.070949 0.378868 1.34578e-11 0.325212 0.224971 0 1.1158e+12 8.51804e-17 
-8.18182 3.3376e+24 1.04692e-16 -7.91718e-17 0.0768972 0.410631 2.29798e-11 0.302921 0.209551 0 1.47104e+12 7.29509e-17 
-8.0303 3.79708e+24 9.34919e-17 -6.89324e-17 0.0828679 0.442515 3.90148e-11 0.280545 0.194072 0 1.93456e+12 6.24808e-17 
-7.87879 4.31086e+24 8.37292e-17 -6.01616e-17 0.088793 0.474155 6.58609e-11 0.25834 0.178712 0 2.53762e+12 5.3528e-17 
-7.72727 4.88371e+24 7.51978e-17 -5.26458e-17 0.0946063 0.505198 1.10554e-10 0.236555 0.163641 0 3.31999e+12 4.58824e-17 
-7.57576 5.52067e+24 6.77219e-17 -4.62011e-17 0.100247 0.535318 1.84558e-10 0.215417 0.149019 0 4.33219e+12 3.93621e-17 
-7.42424 6.22697e+24 6.11514e-17 -4.06691e-17 0.105661 0.564228 3.06466e-10 0.195128 0.134984 0 5.63817e+12 3.38087e-17 
-7.27273 7.00815e+24 5.53587e-17 -3.59142e-17 0.110803 0.591689 5.06323e-10 0.175856 0.121652 0 7.31884e+12 2.90843e-17 
-7.12121 7.87e+24 5.0235e-17 -3.18199e-17 0.11564 0.617519 8.32513e-10 0.157729 0.109112 0 9.47637e+12 2.50693e-17 
-6.9697 8.81867e+24 4.5688e-17 -2.82869e-17 0.120148 0.641589 1.36271e-09 0.140837 0.0974265 0 1.22397e+13 2.16593e-17 
-6.81818 9.86064e+24 4.16392e-17 -2.52305e-17 0.124312 0.663826 2.22131e-09 0.125231 0.0866308 0 1.57711e+13 1.87643e-17 
-6.66667 1.10028e+25 3.8022e-17 -2.25787e-17 0.128129 0.684207 3.60701e-09 0.110928 0.0767367 0 2.02753e+13 1.63061e-17 
-6.51515 1.22525e+25 3.47798e-17 -2.02706e-17 0.131601 0.702748 5.83669e-09 0.0979157 0.0677351 0 2.60097e+13 1.42177e-17 
-6.36364 1.36175e+25 3.18646e-17 -1.82545e-17 0.134739 0.719505 9.41473e-09 0.0861558 0.0595999 0 3.32982e+13 1.24414e-17 
-6.21212 1.51064e+25 2.92356e-17 -1.64872e-17 0.137558 0.734558 1.51428e-08 0.0755918 0.052292 0 4.25478e+13 1.09281e-17 
-6.06061 1.6728e+25 2.68578e-17 -1.49318e-17 0.140076 0.748007 2.42937e-08 0.0661534 0.0457628 0 5.42706e+13 9.63618e-18 
-5.90909 1.84922e+25 2.47016e-17 -1.35577e-17 0.142316 0.759965 3.88855e-08 0.0577614 0.0399575 0 6.91098e+13 8.53026e-18 
-5.75758 2.04094e+25 2.27416e-17 -1.2339e-17 0.144298 0.770552 6.21158e-08 0.0503319 0.0348181 0 8.78737e+13 7.58062e-18 
-5.60606 2.24908e+25 2.09558e-17 -1.12539e-17 0.146047 0.779888 9.90465e-08 0.0437796 0.0302854 0 1.11578e+14 6.76231e-18 
-5.45455 2.47487e+25 1.93255e-17 -1.02843e-17 0.147583 0.788095 1.57685e-07 0.0380203 0.0263013 0 1.41498e+14 6.05443e-18 
-5.30303 2.71963e+25 1.78343e-17 -9.41457e-18 0.14893 0.795287 2.50694e-07 0.032973 0.0228097 0 1.79236e+14 5.43957e-18 
-5.15152 2.98476e+25 1.64682e-17 -8.63194e-18 0.150107 0.801573 3.98079e-07 0.0285612 0.0197577 0 2.26804e+14 4.90318e-18 
-5 3.2718e+25 1.52147e-17 -7.92541e-18 0.151134 0.807056 6.31446e-07 0.0247135 0.017096 0 2.86729e+14 4.43318e-18 
-4.84848 3.58242e+25 1.40632e-17 -7.28571e-18 0.152028 0.811828 1.0007e-06 0.0213645 0.0147793 0 3.62184e+14 4.01954e-18 
-4.69697 3.91841e+25 1.3004e-17 -6.70495e-18 0.152804 0.815974 1.58461e-06 0.0184545 0.0127663 0 4.57152e+14 3.65388e-18 
-4.54545 4.2817e+25 1.20287e-17 -6.1764e-18 0.153478 0.81957 2.50749e-06 0.0159298 0.0110197 0 5.76635e+14 3.32926e-18 
-4.39394 4.67438e+25 1.113e-17 -5.6943e-18 0.154061 0.822686 3.96546e-06 0.0137422 0.00950643 0 7.26912e+14 3.03988e-18 
-4.24242 5.09871e+25 1.03011e-17 -5.25369e-18 0.154566 0.825382 6.26788e-06 0.0118488 0.00819664 0 9.15868e+14 2.78092e-18 
-4.09091 5.55713e+25 9.53608e-18 -4.85027e-18 0.155002 0.827712 9.90266e-06 0.0102117 0.00706412 0 1.1534e+15 2.54834e-18 
-3.93939 6.05228e+25 8.82962e-18 -4.48031e-18 0.155379 0.829723 1.56391e-05 0.00879728 0.00608568 0 1.45193e+15 2.33874e-18 
-3.78788 6.587e+25 8.17689e-18 -4.14054e-18 0.155703 0.831455 2.46902e-05 0.00757621 0.00524098 0 1.82707e+15 2.1493e-18 
-3.63636 7.16435e+25 7.57353e-18 -3.82811e-18 0.155982 0.832944 3.8968e-05 0.00652269 0.0045122 0 2.29837e+15 1.97761e-18 
-3.48485 7.78767e+25 7.0156e-18 -3.54047e-18 0.156221 0.83422 6.14864e-05 0.00561422 0.00388374 0 2.89044e+15 1.82168e-18 
-3.33333 8.46051e+25 6.49952e-18 -3.27538e-18 0.156424 0.835306 9.69953e-05 0.00483117 0.00334205 0 3.6341e+15 1.67979e-18 
-3.18182 9.18674e+25 6.02203e-18 -3.0308e-18 0.156595 0.83622 0.000152979 0.00415647 0.00287532 0 4.56809e+15 1.55055e-18 
-3.0303 9.97051e+25 5.58015e-18 -2.80493e-18 0.156737 0.836974 0.000241229 0.00357531 0.00247329 0 5.74098e+15 1.43279e-18 
-2.87879 1.08163e+26 5.17119e-18 -2.59609e-18 0.156848 0.83757 0.000380317 0.00307483 0.00212707 0 7.21375e+15 1.32558e-18 
-2.72727 1.1729e+26 4.79267e-18 -2.40275e-18 0.156929 0.837999 0.000599481 0.00264388 0.00182895 0 9.0629e+15 1.22822e-18 
-2.57576 1.27136e+26 4.44237e-18 -2.22343e-18 0.156973 0.838237 0.000944724 0.00227281 0.00157226 0 1.13844e+16 1.14026e-18 
-2.42424 1.37759e+26 4.11827e-18 -2.05674e-18 0.156973 0.838234 0.00148837 0.00195325 0.0013512 0 1.42984e+16 1.06156e-18 
-2.27273 1.49216e+26 3.81855e-18 -1.90127e-18 0.156911 0.837906 0.00234394 0.00167798 0.00116077 0 1.79557e+16 9.92312e-19 
-2.12121 1.61571e+26 3.54163e-18 -1.75553e-18 0.156762 0.837111 0.00368928 0.0014407 0.000996628 0 2.25446e+16 9.33173e-19 
-1.9697 1.74889e+26 3.28616e-18 -1.61792e-18 0.156484 0.835623 0.00580197 0.00123594 0.000854985 0 2.83007e+16 8.85417e-19 
-1.81818 1.89239e+26 3.05104e-18 -1.48655e-18 0.156009 0.833087 0.009113 0.00105895 0.000732548 0 3.55169e+16 8.51141e-19 
-1.66667 2.04687e+26 2.83549e-18 -1.35916e-18 0.155234 0.828948 0.0142858 0.000905545 0.000626428 0 4.45565e+16 8.33528e-19 
-1.51515 2.21298e+26 2.63912e-18 -1.23289e-18 0.154001 0.822365 0.022328 0.000772049 0.000534079 0 5.58664e+16 8.37158e-19 
-1.36364 2.39125e+26 2.46201e-18 -1.10409e-18 0.152075 0.81208 0.0347368 0.000655204 0.00045325 0 6.999e+16 8.68257e-19 
-1.21212 2.58204e+26 2.30491e-18 -9.68002e-19 0.149117 0.796287 0.053662 0.000552135 0.00038195 0 8.75764e+16 9.34678e-19 
-1.06061 2.78531e+26 2.16935e-18 -8.18623e-19 0.144669 0.772532 0.0820202 0.000460352 0.000318457 0 1.09378e+17 1.04519e-18 
-0.909091 3.00049e+26 2.05788e-18 -6.48659e-19 0.138163 0.73779 0.123408 0.000377837 0.000261376 0 1.36229e+17 1.20739e-18 
-0.757576 3.22611e+26 1.97423e-18 -4.49997e-19 0.129013 0.688927 0.181548 0.000303209 0.000209751 0 1.68985e+17 1.42369e-18 
-0.606061 3.45956e+26 1.92336e-18 -2.14889e-19 0.116817 0.623802 0.258982 0.000235947 0.00016322 0 2.08415e+17 1.686e-18 
-0.454545 3.6969e+26 1.91124e-18 6.21515e-20 0.10167 0.542919 0.355112 0.000176482 0.000122085 0 2.55049e+17 1.97251e-18 
-0.30303 3.93302e+26 1.94439e-18 3.82502e-19 0.084422 0.450813 0.464552 0.000125939 8.71205e-05 0 3.09016e+17 2.25248e-18 
-0.151515 4.16221e+26 2.02919e-18 7.43081e-19 0.0666157 0.355728 0.577512 8.5404e-05 5.90798e-05 0 3.69948e+17 2.50074e-18 
0 4.37908e+26 2.17132e-18 1.13845e-18 0.05 0.267 0.682907 5.50896e-05 3.81093e-05 0 4.37018e+17 2.71327e-18 
