2 981.598 0.0573356 3.64626 
3 926.1 0.0713999 3.84559 
4 870.181 0.0648606 3.6803 
5 828.352 0.0454138 3.18937 
6 799.479 0.026669 2.59894 
7 780.889 0.0150767 2.04903 
8 770.102 0.0100663 1.61031 
9 764.593 0.00799922 1.30534 
10 764.37 0.00721222 1.14466 
11 766.786 0.00618504 1.0895 
12 771.8 0.00494478 1.1128 
13 778.136 0.00425024 1.17437 
14 786.568 0.00428666 1.26027 
15 796.907 0.00487128 1.35952 
16 807.168 0.00567357 1.4548 
17 817.882 0.00663383 1.54265 
18 830.019 0.00778803 1.62522 
19 843.828 0.00917731 1.70615 
20 858.648 0.0108482 1.79073 
21 873.27 0.0128465 1.88452 
22 887.805 0.0151926 1.98751 
23 902.653 0.0178919 2.0968 
24 918.007 0.0209391 2.20763 
25 933.805 0.0243164 2.3132 
26 949.831 0.0280033 2.40616 
27 966.176 0.0320136 2.48472 
28 982.938 0.0363748 2.5492 
29 1000.07 0.0411185 2.60057 
30 1017.38 0.0462814 2.64053 
31 1034.6 0.0519009 2.67097 
32 1051.84 0.0579998 2.69189 
33 1069.25 0.0645958 2.7027 
34 1086.97 0.0717053 2.70275 
35 1105.12 0.0793436 2.69133 
36 1123.75 0.0875242 2.66769 
37 1142.86 0.0962591 2.63098 
38 1162.4 0.105559 2.58028 
39 1182.26 0.115431 2.51458 
40 1202.27 0.125883 2.4328 
41 1222.23 0.13692 2.33386 
42 1242.15 0.148553 2.21721 
43 1262.11 0.160794 2.08246 
44 1282.17 0.173656 1.92928 
45 1302.38 0.18715 1.75741 
46 1322.76 0.201286 1.56662 
47 1343.35 0.216075 1.35678 
48 1364.15 0.231528 1.1278 
49 1385.15 0.247654 0.879658 
50 1406.32 0.264462 0.612423 
51 1427.64 0.28196 0.326162 
52 1449.11 0.300151 0.0207547 
53 1470.79 0.319039 -0.303956 
54 1492.68 0.338622 -0.648107 
55 1514.8 0.358901 -1.01181 
56 1537.17 0.379873 -1.39517 
57 1559.78 0.401534 -1.79826 
58 1582.62 0.423878 -2.22113 
59 1605.67 0.446899 -2.66381 
60 1628.9 0.470588 -3.12633 
61 1652.28 0.494935 -3.60866 
62 1675.81 0.519933 -4.11077 
63 1699.52 0.545572 -4.63257 
64 1723.42 0.571844 -5.17396 
65 1747.52 0.598737 -5.73482 
66 1771.84 0.626238 -6.31499 
67 1796.37 0.654335 -6.91431 
68 1821.11 0.683013 -7.53256 
69 1846.07 0.712255 -8.16954 
70 1871.23 0.742044 -8.82499 
71 1896.58 0.772361 -9.49865 
72 1922.13 0.803189 -10.1902 
73 1947.88 0.834509 -10.8994 
74 1973.85 0.866301 -11.6259 
75 2000.04 0.898544 -12.3694 
76 2026.46 0.931215 -13.1294 
77 2053.09 0.964292 -13.9056 
78 2079.95 0.99775 -14.6976 
79 2107.02 1.03156 -15.505 
80 2134.29 1.0657 -16.3272 
81 2161.76 1.10014 -17.1639 
82 2189.43 1.13485 -18.0143 
83 2217.29 1.1698 -18.8781 
84 2245.37 1.20494 -19.7544 
85 2273.66 1.24024 -20.6428 
86 2302.16 1.27568 -21.5426 
87 2330.87 1.3112 -22.4529 
88 2359.79 1.34676 -23.3732 
89 2388.91 1.38233 -24.3027 
90 2418.23 1.41785 -25.2405 
91 2447.75 1.45329 -26.186 
92 2477.45 1.48863 -27.1385 
93 2507.35 1.52384 -28.0977 
94 2537.43 1.55891 -29.0629 
95 2567.71 1.59383 -30.0339 
96 2598.17 1.62858 -31.01 
97 2628.82 1.66314 -31.9908 
98 2659.64 1.69751 -32.9759 
99 2690.63 1.73167 -33.9648 
100 2721.78 1.76561 -34.957 
101 2753.08 1.79931 -35.952 
102 2784.53 1.83272 -36.9487 
103 2816.14 1.86577 -37.9457 
104 2847.89 1.89838 -38.9417 
105 2879.8 1.93048 -39.9354 
106 2911.87 1.96198 -40.9252 
107 2944.08 1.9928 -41.9096 
108 2976.45 2.02285 -42.8871 
109 3008.96 2.05205 -43.8559 
110 3041.61 2.08029 -44.8145 
111 3074.41 2.10748 -45.761 
112 3107.34 2.13351 -46.6936 
113 3140.39 2.15829 -47.6104 
114 3173.57 2.18169 -48.5094 
115 3206.85 2.2036 -49.3888 
116 3240.24 2.2239 -50.2462 
117 3273.72 2.24248 -51.0797 
118 3307.29 2.25919 -51.8869 
119 3340.92 2.27391 -52.6657 
120 3374.61 2.28651 -53.4135 
121 3408.34 2.29687 -54.1285 
122 3442.11 2.30499 -54.8101 
123 3475.91 2.31092 -55.4584 
124 3509.74 2.31471 -56.0735 
125 3543.6 2.31642 -56.6556 
126 3577.47 2.31609 -57.205 
127 3611.37 2.31382 -57.7222 
128 3645.27 2.30968 -58.2075 
129 3679.17 2.30375 -58.6618 
130 3713.07 2.29613 -59.0856 
131 3746.96 2.28693 -59.4797 
132 3780.83 2.27626 -59.8452 
133 3814.68 2.26424 -60.183 
134 3848.48 2.25101 -60.4943 
135 3882.25 2.2367 -60.7803 
136 3915.95 2.22147 -61.0426 
137 3949.59 2.20548 -61.2825 
138 3983.16 2.18889 -61.5017 
139 4016.64 2.17188 -61.7019 
140 4050.01 2.15465 -61.8851 
141 4083.27 2.13735 -62.0528 
142 4116.42 2.12 -62.2043 
143 4149.43 2.10258 -62.3386 
144 4182.31 2.08505 -62.4545 
145 4215.05 2.06738 -62.5507 
146 4247.65 2.04954 -62.6259 
147 4280.08 2.0315 -62.679 
148 4312.36 2.0132 -62.7083 
149 4344.46 1.99462 -62.7127 
150 4376.38 1.9757 -62.6905 
151 4408.11 1.9564 -62.6402 
152 4439.64 1.93666 -62.5603 
153 4470.96 1.91644 -62.4491 
154 4502.07 1.89566 -62.3049 
155 4532.95 1.87428 -62.1259 
156 4563.59 1.85222 -61.9104 
157 4593.98 1.82943 -61.6565 
158 4624.11 1.80582 -61.3622 
159 4653.97 1.78133 -61.0256 
160 4683.55 1.75587 -60.6446 
161 4712.83 1.7294 -60.2177 
162 4741.81 1.70195 -59.7452 
163 4770.47 1.67362 -59.2283 
164 4798.83 1.64447 -58.6681 
165 4826.85 1.61461 -58.0659 
166 4854.55 1.58411 -57.4231 
167 4881.9 1.55308 -56.741 
168 4908.9 1.52161 -56.0212 
169 4935.55 1.48981 -55.2655 
170 4961.84 1.4578 -54.4755 
171 4987.75 1.42567 -53.6531 
172 5013.28 1.39356 -52.8002 
173 5038.42 1.36159 -51.919 
174 5063.17 1.32988 -51.0117 
175 5087.5 1.29857 -50.0805 
176 5111.43 1.2678 -49.1278 
177 5134.92 1.23771 -48.1562 
178 5157.99 1.20845 -47.1683 
179 5180.61 1.18018 -46.1669 
180 5202.77 1.15305 -45.1548 
181 5224.48 1.1272 -44.1344 
182 5245.72 1.10265 -43.1054 
183 5266.48 1.07938 -42.0667 
184 5286.77 1.05739 -41.0172 
185 5306.57 1.03665 -39.9558 
186 5325.88 1.01714 -38.8813 
187 5344.69 0.998849 -37.7923 
188 5363 0.981738 -36.6877 
189 5380.8 0.965785 -35.5659 
190 5398.08 0.950959 -34.4255 
191 5414.85 0.937225 -33.2651 
192 5431.09 0.924547 -32.0829 
193 5446.8 0.912886 -30.8775 
194 5461.97 0.902199 -29.6471 
195 5476.6 0.892442 -28.3898 
196 5490.68 0.883565 -27.1039 
197 5504.21 0.875518 -25.7874 
198 5517.18 0.868245 -24.4383 
199 5529.58 0.86169 -23.0547 
200 5541.42 0.855791 -21.6343 
201 5552.68 0.850505 -20.1755 
202 5563.36 0.845864 -18.6788 
203 5573.46 0.841925 -17.1453 
204 5582.97 0.838742 -15.5761 
205 5591.9 0.836374 -13.9724 
206 5600.24 0.834879 -12.3355 
207 5607.98 0.834319 -10.6666 
208 5615.13 0.834756 -8.96724 
209 5621.69 0.836253 -7.23873 
210 5627.64 0.838876 -5.48261 
211 5633 0.842692 -3.70042 
212 5637.75 0.847769 -1.89379 
213 5641.89 0.854177 -0.0644092 
214 5645.44 0.861987 1.78598 
215 5648.37 0.871274 3.65556 
216 5650.7 0.882112 5.54244 
217 5652.41 0.894577 7.4447 
218 5653.52 0.908749 9.3603 
219 5654.01 0.924706 11.2872 
220 5653.89 0.942531 13.2231 
221 5653.16 0.962307 15.166 
222 5651.81 0.984119 17.1135 
223 5649.85 1.00805 19.0632 
224 5647.28 1.0342 21.0127 
225 5644.09 1.06265 22.9595 
226 5640.29 1.09348 24.9015 
227 5635.88 1.12671 26.8377 
228 5630.85 1.16235 28.768 
229 5625.22 1.20041 30.6918 
230 5618.98 1.24089 32.6088 
231 5612.13 1.28379 34.5188 
232 5604.69 1.32912 36.4212 
233 5596.64 1.37688 38.3158 
234 5587.99 1.42707 40.2023 
235 5578.75 1.47969 42.0802 
236 5568.92 1.53473 43.9494 
237 5558.51 1.5922 45.8093 
238 5547.5 1.65208 47.6599 
239 5535.92 1.71436 49.5006 
240 5523.76 1.77905 51.3313 
241 5511.03 1.84613 53.1516 
242 5497.74 1.91559 54.9613 
243 5483.88 1.98742 56.76 
244 5469.46 2.0616 58.5476 
245 5454.49 2.13812 60.3237 
246 5438.97 2.21695 62.0881 
247 5422.91 2.2981 63.8406 
248 5406.32 2.38152 65.5809 
249 5389.19 2.4672 67.3088 
250 5371.54 2.55513 69.0241 
251 5353.38 2.64527 70.7265 
252 5334.7 2.73764 72.4156 
253 5315.52 2.83226 74.0909 
254 5295.83 2.92915 75.7519 
255 5275.66 3.02832 77.3982 
256 5254.99 3.1298 79.0293 
257 5233.85 3.23359 80.6446 
258 5212.23 3.33971 82.2438 
259 5190.14 3.44819 83.8264 
260 5167.59 3.55904 85.3918 
261 5144.59 3.67227 86.9396 
262 5121.14 3.78789 88.4693 
263 5097.26 3.90594 89.9805 
264 5072.95 4.02641 91.4726 
265 5048.21 4.14933 92.9453 
266 5023.06 4.27471 94.398 
267 4997.51 4.40256 95.8303 
268 4971.56 4.5329 97.2417 
269 4945.23 4.66574 98.6318 
270 4918.52 4.80109 100 
271 4891.44 4.93898 101.346 
272 4864 5.0794 102.669 
273 4836.21 5.22238 103.969 
274 4808.09 5.36792 105.246 
275 4779.64 5.51604 106.498 
276 4750.87 5.66674 107.726 
277 4721.79 5.81996 108.928 
278 4692.42 5.97564 110.104 
279 4662.75 6.13371 111.254 
280 4632.8 6.29408 112.376 
281 4602.58 6.4567 113.469 
282 4572.1 6.62148 114.533 
283 4541.37 6.78833 115.568 
284 4510.39 6.95718 116.571 
285 4479.17 7.12794 117.543 
286 4447.74 7.30052 118.483 
287 4416.09 7.47483 119.389 
288 4384.24 7.65078 120.261 
289 4352.2 7.82826 121.099 
290 4319.98 8.00718 121.9 
291 4287.58 8.18744 122.665 
292 4255.03 8.36892 123.393 
293 4222.33 8.55153 124.082 
294 4189.5 8.73514 124.732 
295 4156.54 8.91965 125.342 
296 4123.47 9.10494 125.911 
297 4090.3 9.29088 126.438 
298 4057.05 9.47736 126.923 
299 4023.71 9.66424 127.364 
300 3990.32 9.8514 127.76 
301 3956.88 10.0387 128.111 
302 3923.39 10.2262 128.416 
303 3889.87 10.4137 128.676 
304 3856.32 10.6012 128.891 
305 3822.76 10.7887 129.06 
306 3789.18 10.9762 129.184 
307 3755.6 11.1636 129.262 
308 3722.03 11.3508 129.296 
309 3688.47 11.5379 129.284 
310 3654.93 11.7247 129.227 
311 3621.42 11.9113 129.125 
312 3587.95 12.0976 128.979 
313 3554.52 12.2836 128.788 
314 3521.15 12.4692 128.553 
315 3487.84 12.6543 128.274 
316 3454.6 12.8389 127.951 
317 3421.44 13.023 127.585 
318 3388.37 13.2066 127.176 
319 3355.39 13.3895 126.723 
320 3322.52 13.5718 126.228 
321 3289.76 13.7533 125.691 
322 3257.12 13.9341 125.111 
323 3224.61 14.114 124.49 
324 3192.24 14.2931 123.829 
325 3160.02 14.4713 123.126 
326 3127.95 14.6485 122.383 
327 3096.05 14.8246 121.601 
328 3064.32 14.9997 120.779 
329 3032.77 15.1737 119.918 
330 3001.41 15.3465 119.019 
331 2970.26 15.518 118.083 
332 2939.31 15.6882 117.109 
333 2908.58 15.8571 116.099 
334 2878.08 16.0246 115.054 
335 2847.81 16.1907 113.973 
336 2817.79 16.3552 112.857 
337 2788.02 16.5181 111.708 
338 2758.51 16.6794 110.526 
339 2729.28 16.839 109.311 
340 2700.33 16.9968 108.065 
341 2671.67 17.1528 106.788 
342 2643.31 17.307 105.481 
343 2615.26 17.4591 104.145 
344 2587.53 17.6093 102.78 
345 2560.12 17.7574 101.389 
346 2533.06 17.9034 99.9706 
347 2506.34 18.0472 98.5271 
348 2479.98 18.1887 97.0591 
349 2453.98 18.3279 95.5675 
350 2428.36 18.4647 94.0535 
351 2403.12 18.599 92.5179 
352 2378.27 18.7308 90.9613 
353 2353.82 18.8601 89.384 
354 2329.75 18.9868 87.7865 
355 2306.09 19.1109 86.1691 
356 2282.83 19.2323 84.5324 
357 2259.97 19.351 82.8767 
358 2237.52 19.467 81.2025 
359 2215.48 19.5803 79.5102 
360 2193.86 19.6907 77.8004 
361 2172.65 19.7983 76.0735 
362 2151.85 19.9031 74.3301 
363 2131.48 20.0049 72.5706 
364 2111.52 20.1038 70.7955 
365 2092 20.1997 69.0055 
366 2072.89 20.2925 67.2009 
367 2054.22 20.3823 65.3825 
368 2035.97 20.469 63.5507 
369 2018.16 20.5526 61.7062 
370 2000.77 20.633 59.8496 
371 1983.82 20.7102 57.9813 
372 1967.3 20.7841 56.1022 
373 1951.22 20.8548 54.2127 
374 1935.58 20.9222 52.3136 
375 1920.37 20.9862 50.4055 
376 1905.6 21.0468 48.4891 
377 1891.27 21.104 46.565 
378 1877.37 21.1577 44.634 
379 1863.91 21.208 42.6967 
380 1850.9 21.2547 40.7539 
381 1838.31 21.2978 38.8063 
382 1826.17 21.3374 36.8547 
383 1814.46 21.3733 34.8998 
384 1803.19 21.4055 32.9423 
385 1792.36 21.434 30.9832 
386 1781.96 21.4588 29.0231 
387 1771.99 21.4798 27.063 
388 1762.46 21.497 25.1035 
389 1753.36 21.5103 23.1456 
390 1744.69 21.5198 21.1901 
391 1736.44 21.5253 19.2379 
392 1728.62 21.5269 17.2899 
393 1721.23 21.5245 15.347 
394 1714.26 21.5181 13.41 
395 1707.7 21.5076 11.4799 
396 1701.57 21.493 9.55764 
397 1695.84 21.4744 7.64419 
398 1690.53 21.4515 5.74049 
399 1685.63 21.4245 3.84754 
400 1681.13 21.3932 1.96632 
401 1677.04 21.3577 0.0977548 
402 1673.34 21.318 -1.75762 
403 1670.04 21.274 -3.59937 
404 1667.14 21.2259 -5.42703 
405 1664.63 21.1737 -7.24018 
406 1662.51 21.1174 -9.03834 
407 1660.77 21.0571 -10.8211 
408 1659.42 20.9927 -12.5879 
409 1658.45 20.9243 -14.3384 
410 1657.86 20.8521 -16.0721 
411 1657.64 20.7759 -17.7884 
412 1657.79 20.6959 -19.4871 
413 1658.31 20.6121 -21.1675 
414 1659.19 20.5246 -22.8291 
415 1660.43 20.4334 -24.4716 
416 1662.02 20.3385 -26.0945 
417 1663.97 20.2401 -27.6971 
418 1666.25 20.1381 -29.2792 
419 1668.88 20.0326 -30.84 
420 1671.84 19.9238 -32.3793 
421 1675.13 19.8115 -33.8964 
422 1678.75 19.696 -35.3909 
423 1682.69 19.5772 -36.8622 
424 1686.94 19.4552 -38.3098 
425 1691.5 19.3302 -39.7334 
426 1696.36 19.2021 -41.1322 
427 1701.51 19.071 -42.5058 
428 1706.96 18.937 -43.8537 
429 1712.69 18.8002 -45.1754 
430 1718.69 18.6607 -46.4703 
431 1724.96 18.5185 -47.7379 
432 1731.5 18.3737 -48.9776 
433 1738.29 18.2263 -50.189 
434 1745.33 18.0765 -51.3715 
435 1752.61 17.9244 -52.5245 
436 1760.13 17.77 -53.6474 
437 1767.86 17.6134 -54.7399 
438 1775.82 17.4547 -55.8012 
439 1783.98 17.2941 -56.8309 
440 1792.34 17.1315 -57.8283 
441 1800.89 16.9671 -58.7929 
442 1809.63 16.8009 -59.7242 
443 1818.53 16.6331 -60.6215 
444 1827.6 16.4638 -61.4844 
445 1836.83 16.2931 -62.3121 
446 1846.2 16.1211 -63.1042 
447 1855.7 15.9478 -63.8601 
448 1865.33 15.7734 -64.5791 
449 1875.08 15.5981 -65.2607 
450 1884.92 15.4218 -65.9044 
451 1894.86 15.2447 -66.5095 
452 1904.89 15.0669 -67.0761 
453 1915.01 14.8885 -67.6044 
454 1925.21 14.7095 -68.0945 
455 1935.48 14.53 -68.5466 
456 1945.83 14.3501 -68.9607 
457 1956.25 14.1698 -69.3372 
458 1966.73 13.9893 -69.6762 
459 1977.27 13.8085 -69.9779 
460 1987.87 13.6277 -70.2424 
461 1998.52 13.4468 -70.4701 
462 2009.21 13.2659 -70.6611 
463 2019.95 13.0851 -70.8156 
464 2030.72 12.9046 -70.934 
465 2041.53 12.7243 -71.0165 
466 2052.36 12.5444 -71.0633 
467 2063.21 12.365 -71.0747 
468 2074.08 12.1861 -71.051 
469 2084.96 12.0078 -70.9925 
470 2095.84 11.8303 -70.8995 
471 2106.73 11.6536 -70.7724 
472 2117.61 11.4778 -70.6114 
473 2128.48 11.3029 -70.417 
474 2139.34 11.1292 -70.1894 
475 2150.17 10.9567 -69.929 
476 2160.97 10.7855 -69.6362 
477 2171.74 10.6156 -69.3114 
478 2182.47 10.4473 -68.9551 
479 2193.15 10.2805 -68.5675 
480 2203.78 10.1154 -68.1491 
481 2214.35 9.95211 -67.7003 
482 2224.85 9.79073 -67.2217 
483 2235.28 9.63135 -66.7136 
484 2245.63 9.47409 -66.1765 
485 2255.9 9.31905 -65.6109 
486 2266.08 9.16634 -65.0172 
487 2276.15 9.01608 -64.3961 
488 2286.12 8.86838 -63.7479 
489 2295.98 8.72335 -63.0733 
490 2305.71 8.58111 -62.3727 
491 2315.32 8.44178 -61.6468 
492 2324.79 8.30546 -60.896 
493 2334.11 8.1723 -60.1209 
494 2343.29 8.04239 -59.3222 
495 2352.31 7.91588 -58.5003 
496 2361.16 7.79287 -57.6561 
497 2369.84 7.67351 -56.79 
498 2378.34 7.5579 -55.9027 
499 2386.64 7.44619 -54.9948 
500 2394.75 7.33849 -54.067 
501 2402.65 7.23493 -53.12 
502 2410.35 7.13554 -52.1543 
503 2417.84 7.04036 -51.1702 
504 2425.11 6.9494 -50.1684 
505 2432.18 6.8627 -49.1493 
506 2439.04 6.78027 -48.1134 
507 2445.69 6.70213 -47.0613 
508 2452.12 6.62833 -45.9934 
509 2458.35 6.55886 -44.9104 
510 2464.36 6.49377 -43.8127 
511 2470.15 6.43307 -42.7009 
512 2475.74 6.37679 -41.5755 
513 2481.1 6.32494 -40.4373 
514 2486.26 6.27755 -39.2866 
515 2491.2 6.23464 -38.1242 
516 2495.92 6.19624 -36.9507 
517 2500.43 6.16235 -35.7665 
518 2504.72 6.13301 -34.5725 
519 2508.79 6.10824 -33.3692 
520 2512.64 6.08805 -32.1572 
521 2516.28 6.07246 -30.9373 
522 2519.7 6.0615 -29.7101 
523 2522.9 6.05517 -28.4762 
524 2525.88 6.05351 -27.2364 
525 2528.64 6.05652 -25.9913 
526 2531.19 6.06424 -24.7417 
527 2533.51 6.07666 -23.4883 
528 2535.61 6.09382 -22.2318 
529 2537.5 6.11573 -20.973 
530 2539.16 6.1424 -19.7126 
531 2540.6 6.17385 -18.4513 
532 2541.83 6.2101 -17.19 
533 2542.83 6.25116 -15.9294 
534 2543.61 6.29705 -14.6703 
535 2544.18 6.34778 -13.4136 
536 2544.52 6.40336 -12.16 
537 2544.64 6.46382 -10.9104 
538 2544.54 6.52916 -9.66565 
539 2544.22 6.5994 -8.42655 
540 2543.68 6.67454 -7.19397 
541 2542.92 6.75461 -5.96881 
542 2541.94 6.83962 -4.75193 
543 2540.74 6.92957 -3.54425 
544 2539.32 7.02447 -2.34666 
545 2537.68 7.12435 -1.16008 
546 2535.82 7.2292 0.0145452 
547 2533.75 7.33905 1.17628 
548 2531.45 7.45389 2.32418 
549 2528.94 7.57374 3.45726 
550 2526.21 7.6986 4.57456 
551 2523.26 7.82848 5.67519 
552 2520.09 7.96333 6.75873 
553 2516.72 8.1031 7.82483 
554 2513.13 8.24773 8.87318 
555 2509.34 8.39717 9.90343 
556 2505.35 8.55135 10.9153 
557 2501.15 8.71022 11.9083 
558 2496.76 8.87371 12.8823 
559 2492.18 9.04177 13.8368 
560 2487.41 9.21432 14.7716 
561 2482.45 9.39131 15.6862 
562 2477.31 9.57267 16.5804 
563 2471.98 9.75832 17.4537 
564 2466.48 9.94821 18.3059 
565 2460.81 10.1423 19.1365 
566 2454.97 10.3404 19.9452 
567 2448.97 10.5425 20.7318 
568 2442.8 10.7486 21.4957 
569 2436.48 10.9586 22.2366 
570 2430.01 11.1723 22.9543 
571 2423.38 11.3898 23.6482 
572 2416.61 11.6108 24.3181 
573 2409.7 11.8355 24.9636 
574 2402.65 12.0635 25.5842 
575 2395.47 12.295 26.1797 
576 2388.17 12.5297 26.7496 
577 2380.74 12.7677 27.2936 
578 2373.19 13.0087 27.8113 
579 2365.52 13.2528 28.3023 
580 2357.75 13.4998 28.7662 
581 2349.87 13.7497 29.2026 
582 2341.89 14.0023 29.6112 
583 2333.82 14.2575 29.9915 
584 2325.66 14.5153 30.3431 
585 2317.41 14.7755 30.6657 
586 2309.08 15.0381 30.9589 
587 2300.68 15.3029 31.2222 
588 2292.2 15.5699 31.4553 
589 2283.67 15.8389 31.6577 
590 2275.07 16.1098 31.829 
591 2266.42 16.3826 31.9688 
592 2257.72 16.657 32.0768 
593 2248.98 16.933 32.1524 
594 2240.2 17.2106 32.1953 
595 2231.39 17.4894 32.2051 
596 2222.56 17.7696 32.1813 
597 2213.71 18.0508 32.1235 
598 2204.84 18.3331 32.0313 
599 2195.97 18.6163 31.9042 
600 2187.1 18.9002 31.7419 
601 2178.23 19.1848 31.5439 
602 2169.37 19.4699 31.3105 
603 2160.52 19.7556 31.0419 
604 2151.68 20.0416 30.7383 
605 2142.86 20.3279 30.4 
606 2134.06 20.6144 30.0272 
607 2125.29 20.9011 29.6204 
608 2116.54 21.1878 29.1796 
609 2107.83 21.4745 28.7053 
610 2099.14 21.761 28.1978 
611 2090.5 22.0473 27.6572 
612 2081.89 22.3333 27.084 
613 2073.33 22.6189 26.4785 
614 2064.81 22.9039 25.841 
615 2056.35 23.1884 25.1718 
616 2047.93 23.4721 24.4713 
617 2039.58 23.7551 23.7398 
618 2031.29 24.0371 22.9777 
619 2023.06 24.3182 22.1853 
620 2014.9 24.5981 21.363 
621 2006.81 24.8769 20.5112 
622 1998.8 25.1543 19.6303 
623 1990.87 25.4303 18.7206 
624 1983.02 25.7048 17.7827 
625 1975.26 25.9777 16.8167 
626 1967.59 26.2488 15.8233 
627 1960.01 26.5181 14.8028 
628 1952.54 26.7854 13.7556 
629 1945.16 27.0507 12.6822 
630 1937.89 27.3138 11.583 
631 1930.74 27.5746 10.4584 
632 1923.69 27.8329 9.30904 
633 1916.77 28.0888 8.13524 
634 1909.97 28.342 6.93751 
635 1903.3 28.5924 5.71633 
636 1896.76 28.84 4.4722 
637 1890.35 29.0845 3.20562 
638 1884.09 29.326 1.91708 
639 1877.97 29.5641 0.607115 
640 1872 29.7989 -0.723766 
641 1866.18 30.0302 -2.07503 
642 1860.52 30.2579 -3.44614 
643 1855.02 30.4818 -4.83655 
644 1849.69 30.7018 -6.2457 
645 1844.53 30.9178 -7.67303 
646 1839.54 31.1296 -9.11798 
647 1834.74 31.3372 -10.58 
648 1830.12 31.5403 -12.0584 
649 1825.69 31.7389 -13.5527 
650 1821.46 31.9328 -15.0622 
651 1817.43 32.1218 -16.5864 
652 1813.59 32.306 -18.1246 
653 1809.96 32.4854 -19.6764 
654 1806.52 32.6598 -21.2412 
655 1803.28 32.8293 -22.8184 
656 1800.24 32.9938 -24.4073 
657 1797.41 33.1534 -26.0075 
658 1794.76 33.3079 -27.6183 
659 1792.32 33.4574 -29.2392 
660 1790.08 33.6018 -30.8694 
661 1788.03 33.7412 -32.5085 
662 1786.18 33.8754 -34.1557 
663 1784.53 34.0045 -35.8104 
664 1783.07 34.1285 -37.4721 
665 1781.81 34.2472 -39.1399 
666 1780.75 34.3608 -40.8134 
667 1779.88 34.4691 -42.4918 
668 1779.21 34.5722 -44.1744 
669 1778.73 34.67 -45.8606 
670 1778.44 34.7625 -47.5497 
671 1778.35 34.8496 -49.2409 
672 1778.46 34.9315 -50.9336 
673 1778.75 35.0079 -52.6271 
674 1779.24 35.0789 -54.3206 
675 1779.91 35.1446 -56.0134 
676 1780.78 35.2048 -57.7048 
677 1781.84 35.2595 -59.394 
678 1783.08 35.3087 -61.0803 
679 1784.52 35.3525 -62.7629 
680 1786.14 35.3907 -64.441 
681 1787.95 35.4234 -66.1138 
682 1789.95 35.4505 -67.7807 
683 1792.13 35.472 -69.4407 
684 1794.5 35.4878 -71.0931 
685 1797.05 35.4981 -72.737 
686 1799.78 35.5027 -74.3716 
687 1802.7 35.5016 -75.9962 
688 1805.79 35.4948 -77.6098 
689 1809.07 35.4823 -79.2117 
690 1812.53 35.4641 -80.8009 
691 1816.16 35.4401 -82.3766 
692 1819.97 35.4104 -83.938 
693 1823.96 35.3748 -85.4841 
694 1828.12 35.3334 -87.014 
695 1832.46 35.2862 -88.5269 
696 1836.97 35.2332 -90.0219 
697 1841.65 35.1742 -91.498 
698 1846.5 35.1094 -92.9543 
699 1851.52 35.0387 -94.3899 
700 1856.71 34.962 -95.8039 
701 1862.06 34.8794 -97.1953 
702 1867.58 34.7909 -98.5638 
703 1873.26 34.6967 -99.9091 
704 1879.1 34.5966 -101.231 
705 1885.09 34.491 -102.529 
706 1891.23 34.3798 -103.803 
707 1897.53 34.263 -105.052 
708 1903.96 34.1409 -106.277 
709 1910.54 34.0134 -107.476 
710 1917.26 33.8806 -108.651 
711 1924.11 33.7427 -109.799 
712 1931.09 33.5997 -110.922 
713 1938.2 33.4516 -112.018 
714 1945.43 33.2986 -113.088 
715 1952.79 33.1408 -114.13 
716 1960.26 32.9783 -115.146 
717 1967.84 32.8111 -116.134 
718 1975.54 32.6393 -117.094 
719 1983.34 32.463 -118.026 
720 1991.24 32.2824 -118.929 
721 1999.24 32.0975 -119.803 
722 2007.33 31.9084 -120.648 
723 2015.52 31.7152 -121.464 
724 2023.79 31.518 -122.25 
725 2032.14 31.3169 -123.005 
726 2040.57 31.112 -123.73 
727 2049.07 30.9034 -124.424 
728 2057.64 30.6913 -125.087 
729 2066.28 30.4756 -125.719 
730 2074.97 30.2566 -126.318 
731 2083.73 30.0343 -126.885 
732 2092.53 29.8089 -127.42 
733 2101.38 29.5804 -127.922 
734 2110.28 29.349 -128.39 
735 2119.21 29.1148 -128.825 
736 2128.18 28.8779 -129.226 
737 2137.17 28.6384 -129.593 
738 2146.19 28.3964 -129.925 
739 2155.23 28.152 -130.222 
740 2164.28 27.9055 -130.484 
741 2173.34 27.6568 -130.709 
742 2182.41 27.4062 -130.899 
743 2191.48 27.1536 -131.053 
744 2200.54 26.8994 -131.169 
745 2209.58 26.6435 -131.249 
746 2218.62 26.3862 -131.29 
747 2227.63 26.1275 -131.294 
748 2236.61 25.8676 -131.26 
749 2245.57 25.6066 -131.187 
750 2254.48 25.3447 -131.075 
751 2263.36 25.0819 -130.924 
752 2272.18 24.8185 -130.734 
753 2280.96 24.5544 -130.505 
754 2289.69 24.2898 -130.237 
755 2298.37 24.0247 -129.931 
756 2306.98 23.7593 -129.588 
757 2315.54 23.4937 -129.206 
758 2324.04 23.228 -128.788 
759 2332.47 22.9622 -128.332 
760 2340.83 22.6965 -127.839 
761 2349.12 22.431 -127.311 
762 2357.34 22.1658 -126.746 
763 2365.48 21.9009 -126.145 
764 2373.54 21.6366 -125.51 
765 2381.52 21.3728 -124.839 
766 2389.41 21.1097 -124.133 
767 2397.21 20.8475 -123.393 
768 2404.92 20.5862 -122.62 
769 2412.53 20.3259 -121.812 
770 2420.05 20.0668 -120.972 
771 2427.46 19.809 -120.099 
772 2434.77 19.5525 -119.193 
773 2441.96 19.2975 -118.255 
774 2449.05 19.0442 -117.286 
775 2456.02 18.7925 -116.286 
776 2462.87 18.5427 -115.254 
777 2469.6 18.2949 -114.193 
778 2476.21 18.0492 -113.101 
779 2482.68 17.8057 -111.98 
780 2489.03 17.5645 -110.83 
781 2495.24 17.3258 -109.651 
782 2501.31 17.0897 -108.444 
783 2507.23 16.8563 -107.209 
784 2513.01 16.6257 -105.947 
785 2518.64 16.3981 -104.658 
786 2524.12 16.1736 -103.343 
787 2529.44 15.9524 -102.001 
788 2534.6 15.7344 -100.635 
789 2539.59 15.52 -99.2432 
790 2544.42 15.3092 -97.8273 
791 2549.07 15.1022 -96.3874 
792 2553.55 14.8991 -94.9242 
793 2557.85 14.7 -93.438 
794 2561.96 14.5051 -91.9295 
795 2565.89 14.3145 -90.3991 
796 2569.63 14.1283 -88.8475 
797 2573.17 13.9468 -87.275 
798 2576.51 13.77 -85.6823 
799 2579.65 13.598 -84.07 
800 2582.58 13.4312 -82.4385 
801 2585.3 13.2694 -80.7885 
802 2587.81 13.1129 -79.1205 
803 2590.11 12.9616 -77.435 
804 2592.2 12.8155 -75.7328 
805 2594.07 12.6747 -74.0143 
806 2595.74 12.5392 -72.2802 
807 2597.2 12.4089 -70.531 
808 2598.44 12.284 -68.7674 
809 2599.48 12.1645 -66.99 
810 2600.3 12.0503 -65.1994 
811 2600.92 11.9415 -63.3962 
812 2601.33 11.8381 -61.5811 
813 2601.53 11.7401 -59.7548 
814 2601.52 11.6475 -57.9178 
815 2601.3 11.5605 -56.0708 
816 2600.87 11.4789 -54.2144 
817 2600.23 11.4028 -52.3495 
818 2599.39 11.3323 -50.4765 
819 2598.34 11.2673 -48.5963 
820 2597.08 11.2078 -46.7094 
821 2595.61 11.154 -44.8167 
822 2593.94 11.1057 -42.9187 
823 2592.06 11.0631 -41.0162 
824 2589.98 11.0261 -39.11 
825 2587.69 10.9947 -37.2007 
826 2585.2 10.9691 -35.289 
827 2582.5 10.9491 -33.3758 
828 2579.6 10.9349 -31.4617 
829 2576.5 10.9263 -29.5475 
830 2573.19 10.9235 -27.6339 
831 2569.68 10.9265 -25.7218 
832 2565.96 10.9353 -23.8118 
833 2562.05 10.9499 -21.9049 
834 2557.93 10.9703 -20.0016 
835 2553.62 10.9965 -18.103 
836 2549.1 11.0286 -16.2096 
837 2544.39 11.0666 -14.3225 
838 2539.48 11.1104 -12.4422 
839 2534.36 11.1602 -10.5698 
840 2529.06 11.2158 -8.70599 
841 2523.55 11.2774 -6.85162 
842 2517.85 11.345 -5.00754 
843 2511.95 11.4185 -3.1746 
844 2505.86 11.4981 -1.35365 
845 2499.57 11.5836 0.454435 
846 2493.09 11.6751 2.24879 
847 2486.42 11.7727 4.02854 
848 2479.55 11.8763 5.79279 
849 2472.49 11.986 7.54065 
850 2465.25 12.1018 9.27122 
851 2457.81 12.2236 10.9837 
852 2450.19 12.3515 12.6777 
853 2442.38 12.4853 14.3528 
854 2434.39 12.625 16.0087 
855 2426.22 12.7704 17.6452 
856 2417.88 12.9216 19.2618 
857 2409.36 13.0784 20.8583 
858 2400.67 13.2407 22.4343 
859 2391.82 13.4085 23.9895 
860 2382.8 13.5816 25.5236 
861 2373.63 13.7601 27.0361 
862 2364.29 13.9437 28.5269 
863 2354.8 14.1325 29.9954 
864 2345.16 14.3262 31.4415 
865 2335.37 14.5249 32.8646 
866 2325.43 14.7285 34.2646 
867 2315.36 14.9368 35.6411 
868 2305.14 15.1498 36.9936 
869 2294.79 15.3673 38.3218 
870 2284.31 15.5893 39.6255 
871 2273.7 15.8157 40.9042 
872 2262.96 16.0463 42.1575 
873 2252.1 16.2812 43.3852 
874 2241.13 16.5201 44.5868 
875 2230.04 16.763 45.762 
876 2218.84 17.0098 46.9104 
877 2207.53 17.2603 48.0317 
878 2196.12 17.5145 49.1254 
879 2184.61 17.7723 50.1913 
880 2173 18.0336 51.2288 
881 2161.3 18.2982 52.2378 
882 2149.51 18.5661 53.2177 
883 2137.64 18.8371 54.1682 
884 2125.69 19.1112 55.089 
885 2113.65 19.3881 55.9796 
886 2101.55 19.6679 56.8396 
887 2089.38 19.9504 57.6687 
888 2077.14 20.2354 58.4664 
889 2064.84 20.5229 59.2324 
890 2052.48 20.8128 59.9664 
891 2040.07 21.1048 60.6678 
892 2027.61 21.399 61.3363 
893 2015.11 21.6952 61.9715 
894 2002.57 21.9933 62.5729 
895 1989.99 22.2931 63.1403 
896 1977.38 22.5945 63.6731 
897 1964.74 22.8974 64.1711 
898 1952.08 23.2017 64.6336 
899 1939.4 23.5073 65.0605 
900 1926.71 23.814 65.4511 
901 1914.01 24.1216 65.8053 
902 1901.3 24.4302 66.1231 
903 1888.58 24.7395 66.4048 
904 1875.87 25.0495 66.6505 
905 1863.16 25.3601 66.8605 
906 1850.44 25.6712 67.0351 
907 1837.74 25.9827 67.1743 
908 1825.04 26.2945 67.2786 
909 1812.36 26.6064 67.348 
910 1799.69 26.9184 67.3829 
911 1787.04 27.2303 67.3835 
912 1774.41 27.5421 67.3501 
913 1761.8 27.8536 67.2828 
914 1749.22 28.1648 67.182 
915 1736.66 28.4754 67.0479 
916 1724.14 28.7855 66.8807 
917 1711.65 29.0949 66.6808 
918 1699.2 29.4034 66.4484 
919 1686.79 29.711 66.1837 
920 1674.42 30.0175 65.8871 
921 1662.1 30.3229 65.5589 
922 1649.83 30.627 65.1992 
923 1637.61 30.9297 64.8085 
924 1625.44 31.2308 64.3869 
925 1613.34 31.5303 63.9349 
926 1601.29 31.828 63.4526 
927 1589.31 32.1239 62.9404 
928 1577.4 32.4177 62.3987 
929 1565.56 32.7094 61.8276 
930 1553.79 32.9988 61.2276 
931 1542.1 33.2859 60.5989 
932 1530.49 33.5704 59.9418 
933 1518.97 33.8522 59.2568 
934 1507.53 34.1313 58.5441 
935 1496.18 34.4075 57.804 
936 1484.93 34.6807 57.0369 
937 1473.77 34.9507 56.2432 
938 1462.72 35.2174 55.4232 
939 1451.76 35.4806 54.5771 
940 1440.92 35.7403 53.7055 
941 1430.19 35.9963 52.8086 
942 1419.57 36.2484 51.8868 
943 1409.06 36.4966 50.9405 
944 1398.68 36.7406 49.97 
945 1388.43 36.9804 48.9757 
946 1378.3 37.2158 47.958 
947 1368.31 37.4466 46.9173 
948 1358.45 37.6727 45.854 
949 1348.73 37.8941 44.7684 
950 1339.15 38.1104 43.6609 
951 1329.72 38.3217 42.532 
952 1320.43 38.5278 41.3821 
953 1311.3 38.7287 40.2118 
954 1302.31 38.9244 39.0216 
955 1293.47 39.1149 37.8121 
956 1284.77 39.3002 36.5836 
957 1276.23 39.4802 35.3369 
958 1267.83 39.6549 34.0725 
959 1259.59 39.8243 32.7908 
960 1251.49 39.9883 31.4925 
961 1243.55 40.1469 30.178 
962 1235.75 40.3001 28.8481 
963 1228.1 40.448 27.5032 
964 1220.61 40.5903 26.1439 
965 1213.26 40.7272 24.7708 
966 1206.07 40.8585 23.3845 
967 1199.03 40.9844 21.9856 
968 1192.14 41.1047 20.5747 
969 1185.4 41.2194 19.1523 
970 1178.82 41.3285 17.7191 
971 1172.38 41.4319 16.2758 
972 1166.1 41.5297 14.8228 
973 1159.98 41.6218 13.3608 
974 1154 41.7082 11.8906 
975 1148.18 41.7889 10.4126 
976 1142.52 41.8638 8.92756 
977 1137.01 41.9329 7.43611 
978 1131.65 41.9962 5.93888 
979 1126.45 42.0537 4.43655 
980 1121.4 42.1053 2.92976 
981 1116.51 42.151 1.41918 
982 1111.77 42.1908 -0.0945073 
983 1107.18 42.2247 -1.61064 
984 1102.76 42.2525 -3.12852 
985 1098.49 42.2744 -4.64747 
986 1094.37 42.2903 -6.1668 
987 1090.41 42.3002 -7.6858 
988 1086.61 42.304 -9.20377 
989 1082.96 42.3016 -10.72 
990 1079.47 42.2932 -12.2338 
991 1076.14 42.2786 -13.7444 
992 1072.96 42.2579 -15.2511 
993 1069.94 42.2309 -16.7531 
994 1067.08 42.1978 -18.2498 
995 1064.38 42.1584 -19.7404 
996 1061.83 42.1127 -21.2241 
997 1059.44 42.0607 -22.7002 
998 1057.21 42.0024 -24.1679 
999 1055.14 41.9378 -25.6265 
1000 1053.22 41.8667 -27.0751 
1001 1051.47 41.7893 -28.5131 
1002 1049.86 41.7056 -29.9402 
1003 1048.42 41.6157 -31.3559 
1004 1047.12 41.5195 -32.76 
1005 1045.98 41.4173 -34.1523 
1006 1044.99 41.309 -35.5323 
1007 1044.14 41.1948 -36.8998 
1008 1043.43 41.0747 -38.2544 
1009 1042.87 40.9489 -39.5959 
1010 1042.46 40.8173 -40.924 
1011 1042.17 40.6801 -42.2382 
1012 1042.03 40.5373 -43.5384 
1013 1042.02 40.3891 -44.8242 
1014 1042.15 40.2355 -46.0952 
1015 1042.4 40.0766 -47.3511 
1016 1042.78 39.9125 -48.5917 
1017 1043.29 39.7432 -49.8165 
1018 1043.92 39.569 -51.0253 
1019 1044.68 39.3897 -52.2177 
1020 1045.55 39.2056 -53.3933 
1021 1046.55 39.0167 -54.552 
1022 1047.65 38.8231 -55.6932 
1023 1048.87 38.625 -56.8167 
1024 1050.2 38.4223 -57.9221 
1025 1051.64 38.2152 -59.0092 
1026 1053.19 38.0038 -60.0774 
1027 1054.83 37.7881 -61.1266 
1028 1056.58 37.5683 -62.1562 
1029 1058.43 37.3445 -63.1661 
1030 1060.38 37.1168 -64.1558 
1031 1062.41 36.8852 -65.125 
1032 1064.54 36.6498 -66.0733 
1033 1066.76 36.4108 -67.0003 
1034 1069.06 36.1683 -67.9058 
1035 1071.45 35.9223 -68.7893 
1036 1073.92 35.673 -69.6505 
1037 1076.47 35.4204 -70.4889 
1038 1079.09 35.1647 -71.3043 
1039 1081.79 34.9059 -72.0963 
1040 1084.56 34.6442 -72.8644 
1041 1087.39 34.3797 -73.6083 
1042 1090.29 34.1125 -74.3277 
1043 1093.26 33.8427 -75.0221 
1044 1096.28 33.5704 -75.6912 
1045 1099.36 33.2957 -76.3346 
1046 1102.49 33.0187 -76.9519 
1047 1105.68 32.7395 -77.5427 
1048 1108.91 32.4583 -78.1066 
1049 1112.19 32.1751 -78.6432 
1050 1115.52 31.8901 -79.1522 
1051 1118.88 31.6034 -79.6332 
1052 1122.28 31.3151 -80.0863 
1053 1125.71 31.0253 -80.5115 
1054 1129.18 30.734 -80.9092 
1055 1132.69 30.4414 -81.2794 
1056 1136.22 30.1476 -81.6222 
1057 1139.77 29.8527 -81.9378 
1058 1143.36 29.5567 -82.2264 
1059 1146.96 29.2598 -82.4881 
1060 1150.59 28.9621 -82.7231 
1061 1154.23 28.6637 -82.9315 
1062 1157.89 28.3647 -83.1135 
1063 1161.57 28.0651 -83.2692 
1064 1165.26 27.7652 -83.3989 
1065 1168.95 27.465 -83.5027 
1066 1172.66 27.1646 -83.5807 
1067 1176.36 26.8641 -83.6331 
1068 1180.08 26.5636 -83.6602 
1069 1183.79 26.2633 -83.662 
1070 1187.5 25.9632 -83.6388 
1071 1191.2 25.6635 -83.5906 
1072 1194.9 25.3643 -83.5179 
1073 1198.59 25.0656 -83.4206 
1074 1202.26 24.7676 -83.299 
1075 1205.93 24.4705 -83.1532 
1076 1209.57 24.1743 -82.9835 
1077 1213.2 23.8791 -82.7901 
1078 1216.8 23.5851 -82.5731 
1079 1220.38 23.2923 -82.3328 
1080 1223.94 23.001 -82.0693 
1081 1227.46 22.7112 -81.7829 
1082 1230.96 22.423 -81.4737 
1083 1234.41 22.1366 -81.1419 
1084 1237.83 21.852 -80.7878 
1085 1241.22 21.5695 -80.4116 
1086 1244.56 21.289 -80.0135 
1087 1247.85 21.0109 -79.5937 
1088 1251.1 20.7351 -79.1523 
1089 1254.29 20.4618 -78.6897 
1090 1257.43 20.1911 -78.2061 
1091 1260.52 19.9231 -77.7016 
1092 1263.55 19.6581 -77.1766 
1093 1266.52 19.3961 -76.6311 
1094 1269.42 19.1372 -76.0655 
1095 1272.25 18.8815 -75.48 
1096 1275.02 18.6293 -74.8749 
1097 1277.71 18.3806 -74.2503 
1098 1280.33 18.1356 -73.6064 
1099 1282.87 17.8944 -72.9437 
1100 1285.33 17.6571 -72.2622 
1101 1287.7 17.4239 -71.5622 
1102 1289.99 17.1948 -70.8442 
1103 1292.19 16.9698 -70.1086 
1104 1294.31 16.749 -69.3557 
1105 1296.35 16.5323 -68.586 
1106 1298.3 16.3199 -67.8 
1107 1300.16 16.1118 -66.998 
1108 1301.93 15.9079 -66.1804 
1109 1303.63 15.7083 -65.3478 
1110 1305.23 15.5131 -64.5006 
1111 1306.75 15.3223 -63.6391 
1112 1308.18 15.1359 -62.7639 
1113 1309.52 14.9539 -61.8754 
1114 1310.78 14.7763 -60.974 
1115 1311.95 14.6033 -60.0602 
1116 1313.03 14.4348 -59.1345 
1117 1314.02 14.2709 -58.1974 
1118 1314.93 14.1115 -57.2492 
1119 1315.75 13.9568 -56.2905 
1120 1316.47 13.8068 -55.3218 
1121 1317.11 13.6614 -54.3435 
1122 1317.67 13.5207 -53.356 
1123 1318.13 13.3848 -52.36 
1124 1318.5 13.2537 -51.3559 
1125 1318.78 13.1274 -50.3441 
1126 1318.97 13.0059 -49.3252 
1127 1319.08 12.8893 -48.2997 
1128 1319.09 12.7776 -47.2681 
1129 1319.01 12.6709 -46.2308 
1130 1318.84 12.5691 -45.1885 
1131 1318.58 12.4723 -44.1415 
1132 1318.23 12.3806 -43.0905 
1133 1317.79 12.294 -42.036 
1134 1317.25 12.2124 -40.9784 
1135 1316.63 12.136 -39.9184 
1136 1315.91 12.0647 -38.8564 
1137 1315.1 11.9987 -37.793 
1138 1314.2 11.9378 -36.7287 
1139 1313.2 11.8823 -35.6641 
1140 1312.11 11.832 -34.5997 
1141 1310.93 11.7871 -33.5361 
1142 1309.66 11.7475 -32.4738 
1143 1308.29 11.7134 -31.4134 
1144 1306.83 11.6846 -30.3555 
1145 1305.28 11.6613 -29.3006 
1146 1303.63 11.6436 -28.2493 
1147 1301.89 11.6313 -27.2022 
1148 1300.05 11.6247 -26.1598 
1149 1298.12 11.6236 -25.1227 
1150 1296.09 11.6281 -24.0916 
1151 1293.97 11.6383 -23.067 
1152 1291.76 11.6541 -22.0491 
1153 1289.45 11.6755 -21.0383 
1154 1287.06 11.7023 -20.0349 
1155 1284.57 11.7346 -19.039 
1156 1281.99 11.7722 -18.051 
1157 1279.33 11.8151 -17.0712 
1158 1276.58 11.8632 -16.0999 
1159 1273.74 11.9165 -15.1372 
1160 1270.82 11.9748 -14.1836 
1161 1267.82 12.0382 -13.2392 
1162 1264.74 12.1066 -12.3045 
1163 1261.57 12.1799 -11.3796 
1164 1258.33 12.258 -10.4648 
1165 1255.01 12.3408 -9.56055 
1166 1251.62 12.4284 -8.667 
1167 1248.15 12.5205 -7.7845 
1168 1244.6 12.6172 -6.91332 
1169 1240.99 12.7184 -6.05378 
1170 1237.3 12.824 -5.20617 
1171 1233.55 12.9339 -4.3708 
1172 1229.72 13.0481 -3.54797 
1173 1225.83 13.1665 -2.73797 
1174 1221.88 13.289 -1.94113 
1175 1217.86 13.4155 -1.15775 
1176 1213.78 13.546 -0.388136 
1177 1209.64 13.6804 0.367397 
1178 1205.44 13.8186 1.10854 
1179 1201.18 13.9605 1.83496 
1180 1196.87 14.1061 2.54636 
1181 1192.5 14.2552 3.24242 
1182 1188.07 14.4079 3.92281 
1183 1183.6 14.564 4.58721 
1184 1179.08 14.7234 5.23529 
1185 1174.5 14.886 5.86674 
1186 1169.88 15.0519 6.48122 
1187 1165.22 15.2208 7.0784 
1188 1160.51 15.3928 7.65796 
1189 1155.76 15.5677 8.21956 
1190 1150.96 15.7454 8.76286 
1191 1146.13 15.9259 9.28754 
1192 1141.26 16.1091 9.79324 
1193 1136.35 16.2948 10.2796 
1194 1131.41 16.4831 10.7464 
1195 1126.44 16.6738 11.1931 
1196 1121.44 16.8668 11.6196 
1197 1116.4 17.062 12.0253 
1198 1111.34 17.2594 12.41 
1199 1106.26 17.4589 12.7733 
1200 1101.15 17.6603 13.1149 
1201 1096.01 17.8636 13.4344 
1202 1090.86 18.0687 13.732 
1203 1085.68 18.2755 14.0077 
1204 1080.49 18.484 14.2617 
1205 1075.29 18.694 14.4941 
1206 1070.06 18.9054 14.705 
1207 1064.83 19.1182 14.8945 
1208 1059.58 19.3323 15.0628 
1209 1054.32 19.5477 15.21 
1210 1049.06 19.7641 15.3362 
1211 1043.79 19.9815 15.4415 
1212 1038.51 20.1999 15.5262 
1213 1033.23 20.4192 15.5902 
1214 1027.95 20.6392 15.6338 
1215 1022.67 20.8598 15.657 
1216 1017.39 21.0811 15.6601 
1217 1012.11 21.3028 15.6431 
1218 1006.84 21.5249 15.6062 
1219 1001.58 21.7473 15.5496 
1220 996.32 21.9699 15.4733 
1221 991.075 22.1926 15.3775 
1222 985.842 22.4154 15.2624 
1223 980.623 22.6381 15.1282 
1224 975.419 22.8605 14.9748 
1225 970.234 23.0828 14.8026 
1226 965.067 23.3046 14.6117 
1227 959.921 23.526 14.4022 
1228 954.799 23.7468 14.1742 
1229 949.701 23.967 13.9279 
1230 944.629 24.1864 13.6636 
1231 939.586 24.4049 13.3812 
1232 934.574 24.6224 13.0811 
1233 929.593 24.8389 12.7633 
1234 924.647 25.0543 12.4281 
1235 919.737 25.2683 12.0755 
1236 914.864 25.481 11.7058 
1237 910.031 25.6922 11.3191 
1238 905.24 25.9018 10.9156 
1239 900.493 26.1097 10.4954 
1240 895.792 26.3159 10.0587 
1241 891.138 26.5201 9.60578 
1242 886.533 26.7223 9.1367 
1243 881.98 26.9224 8.65167 
1244 877.481 27.1203 8.15086 
1245 873.038 27.3159 7.63446 
1246 868.652 27.509 7.10263 
1247 864.325 27.6995 6.55557 
1248 860.061 27.8874 5.99346 
1249 855.86 28.0725 5.41648 
1250 851.725 28.2547 4.82482 
1251 847.657 28.4339 4.21869 
1252 843.658 28.6101 3.59839 
1253 839.727 28.7832 2.96427 
1254 835.865 28.9532 2.31666 
1255 832.071 29.1201 1.6559 
1256 828.346 29.2837 0.982342 
1257 824.691 29.4442 0.296322 
1258 821.104 29.6014 -0.401811 
1259 817.588 29.7554 -1.1117 
1260 814.141 29.906 -1.83301 
1261 810.764 30.0533 -2.56536 
1262 807.457 30.1971 -3.30841 
1263 804.22 30.3376 -4.0618 
1264 801.054 30.4746 -4.82516 
1265 797.959 30.608 -5.59813 
1266 794.935 30.738 -6.38033 
1267 791.982 30.8644 -7.17141 
1268 789.1 30.9871 -7.97099 
1269 786.29 31.1062 -8.77868 
1270 783.552 31.2217 -9.59413 
1271 780.885 31.3334 -10.4169 
1272 778.291 31.4413 -11.2467 
1273 775.769 31.5455 -12.0831 
1274 773.319 31.6458 -12.9257 
1275 770.942 31.7422 -13.7741 
1276 768.638 31.8347 -14.6279 
1277 766.407 31.9233 -15.4868 
1278 764.25 32.0079 -16.3503 
1279 762.166 32.0885 -17.218 
1280 760.155 32.165 -18.0896 
1281 758.219 32.2374 -18.9646 
1282 756.357 32.3056 -19.8426 
1283 754.568 32.3697 -20.7232 
1284 752.855 32.4295 -21.606 
1285 751.215 32.4851 -22.4905 
1286 749.651 32.5364 -23.3764 
1287 748.162 32.5834 -24.2633 
1288 746.748 32.6259 -25.1507 
1289 745.409 32.6641 -26.0381 
1290 744.146 32.6978 -26.9252 
1291 742.958 32.7269 -27.8115 
1292 741.846 32.7516 -28.6966 
1293 740.811 32.7716 -29.5801 
1294 739.852 32.7871 -30.4615 
1295 738.969 32.7979 -31.3403 
1296 738.163 32.8039 -32.2162 
1297 737.434 32.8052 -33.0886 
1298 736.782 32.8018 -33.9572 
1299 736.207 32.7935 -34.8214 
1300 735.709 32.7803 -35.6809 
1301 735.289 32.7623 -36.5352 
1302 734.945 32.7393 -37.384 
1303 734.677 32.7116 -38.2271 
1304 734.484 32.679 -39.0643 
1305 734.364 32.6418 -39.8954 
1306 734.317 32.5999 -40.7201 
1307 734.342 32.5533 -41.5382 
1308 734.437 32.5022 -42.3495 
1309 734.602 32.4465 -43.1538 
1310 734.836 32.3863 -43.9507 
1311 735.137 32.3217 -44.7402 
1312 735.505 32.2528 -45.5219 
1313 735.939 32.1795 -46.2956 
1314 736.437 32.1019 -47.0611 
1315 736.999 32.0201 -47.8181 
1316 737.623 31.9341 -48.5665 
1317 738.308 31.8439 -49.3059 
1318 739.053 31.7497 -50.0361 
1319 739.858 31.6515 -50.7569 
1320 740.721 31.5493 -51.468 
1321 741.641 31.4432 -52.1692 
1322 742.616 31.3333 -52.8602 
1323 743.647 31.2195 -53.5409 
1324 744.731 31.102 -54.2108 
1325 745.867 30.9808 -54.8699 
1326 747.055 30.8559 -55.5178 
1327 748.293 30.7275 -56.1543 
1328 749.58 30.5956 -56.7791 
1329 750.915 30.4601 -57.392 
1330 752.296 30.3213 -57.9927 
1331 753.723 30.1791 -58.581 
1332 755.195 30.0336 -59.1566 
1333 756.709 29.8849 -59.7192 
1334 758.265 29.733 -60.2686 
1335 759.862 29.578 -60.8045 
1336 761.499 29.4199 -61.3266 
1337 763.174 29.2588 -61.8348 
1338 764.885 29.0948 -62.3286 
1339 766.633 28.9279 -62.8079 
1340 768.415 28.7582 -63.2724 
1341 770.23 28.5857 -63.7218 
1342 772.077 28.4105 -64.1558 
1343 773.955 28.2328 -64.5742 
1344 775.862 28.0524 -64.9766 
1345 777.797 27.8695 -65.3629 
1346 779.76 27.6843 -65.7327 
1347 781.747 27.4966 -66.0858 
1348 783.759 27.3066 -66.4218 
1349 785.793 27.1144 -66.7405 
1350 787.849 26.92 -67.0416 
1351 789.926 26.7235 -67.3249 
1352 792.021 26.525 -67.5904 
1353 794.134 26.3245 -67.8382 
1354 796.263 26.1221 -68.0683 
1355 798.408 25.918 -68.2807 
1356 800.567 25.7121 -68.4757 
1357 802.738 25.5046 -68.6532 
1358 804.922 25.2955 -68.8132 
1359 807.116 25.085 -68.956 
1360 809.319 24.873 -69.0815 
1361 811.53 24.6598 -69.1899 
1362 813.747 24.4454 -69.2811 
1363 815.97 24.2298 -69.3554 
1364 818.197 24.0131 -69.4127 
1365 820.427 23.7955 -69.4531 
1366 822.658 23.577 -69.4767 
1367 824.89 23.3577 -69.4837 
1368 827.12 23.1376 -69.4739 
1369 829.348 22.917 -69.4477 
1370 831.572 22.6958 -69.405 
1371 833.791 22.4741 -69.3459 
1372 836.004 22.2521 -69.2704 
1373 838.209 22.0298 -69.1788 
1374 840.405 21.8074 -69.071 
1375 842.59 21.5848 -68.9472 
1376 844.764 21.3622 -68.8074 
1377 846.924 21.1397 -68.6517 
1378 849.07 20.9174 -68.4802 
1379 851.199 20.6954 -68.2931 
1380 853.311 20.4737 -68.0903 
1381 855.405 20.2524 -67.872 
1382 857.478 20.0317 -67.6382 
1383 859.529 19.8117 -67.3891 
1384 861.557 19.5924 -67.1248 
1385 863.561 19.3739 -66.8453 
1386 865.539 19.1563 -66.5507 
1387 867.489 18.9398 -66.2412 
1388 869.411 18.7244 -65.9168 
1389 871.302 18.5102 -65.5776 
1390 873.161 18.2973 -65.2238 
1391 874.986 18.0858 -64.8553 
1392 876.777 17.8759 -64.4724 
1393 878.532 17.6675 -64.0751 
1394 880.248 17.4609 -63.6635 
1395 881.926 17.256 -63.2377 
1396 883.562 17.0531 -62.7979 
1397 885.156 16.8522 -62.3441 
1398 886.706 16.6534 -61.8764 
1399 888.21 16.4568 -61.3949 
1400 889.667 16.2625 -60.8998 
1401 891.076 16.0706 -60.3911 
1402 892.435 15.8812 -59.8692 
1403 893.745 15.6943 -59.3342 
1404 895.006 15.5099 -58.7865 
1405 896.216 15.328 -58.2263 
1406 897.375 15.1487 -57.6539 
1407 898.483 14.9719 -57.0695 
1408 899.54 14.7978 -56.4735 
1409 900.545 14.6263 -55.8662 
1410 901.498 14.4575 -55.2477 
1411 902.397 14.2914 -54.6185 
1412 903.244 14.128 -53.9787 
1413 904.038 13.9674 -53.3287 
1414 904.777 13.8096 -52.6687 
1415 905.462 13.6546 -51.9991 
1416 906.092 13.5025 -51.3201 
1417 906.667 13.3532 -50.632 
1418 907.187 13.2068 -49.9351 
1419 907.651 13.0634 -49.2298 
1420 908.058 12.9229 -48.5162 
1421 908.408 12.7855 -47.7948 
1422 908.701 12.651 -47.0658 
1423 908.937 12.5196 -46.3296 
1424 909.114 12.3913 -45.5863 
1425 909.233 12.2661 -44.8364 
1426 909.292 12.1441 -44.0801 
1427 909.293 12.0252 -43.3178 
1428 909.233 11.9095 -42.5498 
1429 909.114 11.7971 -41.7764 
1430 908.933 11.6879 -40.9978 
1431 908.692 11.5821 -40.2145 
1432 908.389 11.4795 -39.4267 
1433 908.024 11.3803 -38.6348 
1434 907.597 11.2845 -37.8391 
1435 907.107 11.1922 -37.0399 
1436 906.553 11.1032 -36.2375 
1437 905.936 11.0178 -35.4323 
1438 905.254 10.9359 -34.6246 
1439 904.508 10.8575 -33.8148 
1440 903.697 10.7827 -33.0031 
1441 902.82 10.7115 -32.19 
1442 901.878 10.644 -31.3757 
1443 900.868 10.5801 -30.5606 
1444 899.792 10.52 -29.745 
1445 898.649 10.4635 -28.9293 
1446 897.438 10.4109 -28.1138 
1447 896.159 10.362 -27.2989 
1448 894.811 10.317 -26.485 
1449 893.393 10.2759 -25.6723 
1450 891.906 10.2387 -24.8613 
1451 890.35 10.2053 -24.0522 
1452 888.724 10.1759 -23.2453 
1453 887.03 10.1504 -22.4408 
1454 885.268 10.1287 -21.6389 
1455 883.44 10.1108 -20.8398 
1456 881.546 10.0967 -20.0437 
1457 879.588 10.0864 -19.2507 
1458 877.566 10.0797 -18.4612 
1459 875.481 10.0768 -17.6753 
1460 873.334 10.0775 -16.8932 
1461 871.127 10.0818 -16.1151 
1462 868.859 10.0897 -15.3412 
1463 866.533 10.1012 -14.5718 
1464 864.148 10.1162 -13.8071 
1465 861.706 10.1347 -13.0472 
1466 859.209 10.1566 -12.2923 
1467 856.656 10.1819 -11.5428 
1468 854.049 10.2107 -10.7988 
1469 851.389 10.2428 -10.0605 
1470 848.676 10.2782 -9.32809 
1471 845.913 10.3169 -8.60187 
1472 843.1 10.3588 -7.88202 
1473 840.237 10.4039 -7.16877 
1474 837.327 10.4523 -6.46233 
1475 834.369 10.5037 -5.76294 
1476 831.366 10.5583 -5.07081 
1477 828.317 10.6159 -4.38616 
1478 825.225 10.6765 -3.70923 
1479 822.09 10.7402 -3.04023 
1480 818.913 10.8068 -2.37941 
1481 815.695 10.8763 -1.72698 
1482 812.438 10.9487 -1.08317 
1483 809.142 11.024 -0.448228 
1484 805.809 11.102 0.177628 
1485 802.439 11.1828 0.794162 
1486 799.034 11.2664 1.40114 
1487 795.595 11.3526 1.99832 
1488 792.123 11.4415 2.58548 
1489 788.619 11.533 3.16237 
1490 785.085 11.627 3.72875 
1491 781.52 11.7236 4.28439 
1492 777.927 11.8227 4.82904 
1493 774.307 11.9242 5.36246 
1494 770.661 12.0282 5.88441 
1495 766.989 12.1345 6.39464 
1496 763.294 12.2431 6.89292 
1497 759.576 12.354 7.37899 
1498 755.837 12.4672 7.8526 
1499 752.077 12.5826 8.31351 
1500 748.298 12.7001 8.76146 
1501 744.501 12.8197 9.19625 
1502 740.687 12.9414 9.61786 
1503 736.856 13.0651 10.0263 
1504 733.011 13.1907 10.4215 
1505 729.15 13.3181 10.8036 
1506 725.276 13.4474 11.1726 
1507 721.389 13.5783 11.5284 
1508 717.49 13.711 11.8712 
1509 713.579 13.8452 12.2008 
1510 709.659 13.9809 12.5173 
1511 705.729 14.1181 12.8208 
1512 701.79 14.2567 13.1112 
1513 697.844 14.3966 13.3886 
1514 693.891 14.5377 13.6529 
1515 689.932 14.68 13.9043 
1516 685.967 14.8235 14.1426 
1517 681.999 14.9679 14.368 
1518 678.028 15.1134 14.5804 
1519 674.054 15.2597 14.7799 
1520 670.079 15.4069 14.9665 
1521 666.103 15.5548 15.1401 
1522 662.128 15.7034 15.3009 
1523 658.154 15.8526 15.4488 
1524 654.182 16.0024 15.5839 
1525 650.214 16.1526 15.7061 
1526 646.25 16.3032 15.8155 
1527 642.291 16.4542 15.9121 
1528 638.338 16.6053 15.996 
1529 634.392 16.7567 16.0671 
1530 630.454 16.9081 16.1254 
1531 626.525 17.0596 16.1711 
1532 622.605 17.2109 16.204 
1533 618.697 17.3622 16.2243 
1534 614.801 17.5132 16.232 
1535 610.917 17.664 16.227 
1536 607.047 17.8144 16.2094 
1537 603.192 17.9643 16.1793 
1538 599.353 18.1138 16.1366 
1539 595.531 18.2626 16.0813 
1540 591.727 18.4107 16.0136 
1541 587.941 18.5581 15.9334 
1542 584.175 18.7046 15.8407 
1543 580.431 18.8502 15.7355 
1544 576.708 18.9949 15.618 
1545 573.008 19.1384 15.4881 
1546 569.332 19.2808 15.3458 
1547 565.681 19.4219 15.1911 
1548 562.056 19.5617 15.0242 
1549 558.458 19.7001 14.845 
1550 554.889 19.8369 14.6535 
1551 551.348 19.9723 14.4498 
1552 547.837 20.106 14.2341 
1553 544.356 20.238 14.0066 
1554 540.906 20.3684 13.7674 
1555 537.486 20.4971 13.5167 
1556 534.097 20.624 13.2548 
1557 530.74 20.7492 12.9819 
1558 527.414 20.8725 12.6981 
1559 524.121 20.994 12.4036 
1560 520.86 21.1136 12.0987 
1561 517.632 21.2312 11.7836 
1562 514.438 21.347 11.4584 
1563 511.277 21.4607 11.1234 
1564 508.15 21.5724 10.7788 
1565 505.058 21.682 10.4248 
1566 502 21.7896 10.0615 
1567 498.977 21.895 9.68929 
1568 495.991 21.9983 9.30827 
1569 493.04 22.0993 8.91869 
1570 490.125 22.1981 8.52076 
1571 487.247 22.2947 8.11469 
1572 484.406 22.3889 7.70071 
1573 481.603 22.4808 7.27902 
1574 478.838 22.5702 6.84986 
1575 476.11 22.6573 6.41344 
1576 473.422 22.7419 5.96998 
1577 470.773 22.824 5.5197 
1578 468.163 22.9036 5.06284 
1579 465.593 22.9806 4.59961 
1580 463.063 23.055 4.13025 
1581 460.574 23.1267 3.65498 
1582 458.126 23.1958 3.17403 
1583 455.719 23.2621 2.68763 
1584 453.354 23.3257 2.19602 
1585 451.032 23.3865 1.69942 
1586 448.752 23.4444 1.19808 
1587 446.515 23.4995 0.692226 
1588 444.322 23.5516 0.182095 
1589 442.173 23.6008 -0.332073 
1590 440.068 23.647 -0.850039 
1591 438.008 23.6901 -1.37156 
1592 435.993 23.7302 -1.8964 
1593 434.023 23.7672 -2.42431 
1594 432.099 23.801 -2.95505 
1595 430.222 23.8316 -3.48837 
1596 428.392 23.859 -4.02402 
1597 426.609 23.8832 -4.56176 
1598 424.874 23.904 -5.10134 
1599 423.186 23.9214 -5.64251 
1600 421.548 23.9355 -6.18501 
1601 419.958 23.9461 -6.7286 
1602 418.417 23.9533 -7.2731 
1603 416.923 23.9572 -7.81833 
1604 415.478 23.9577 -8.3641 
1605 414.08 23.9549 -8.91024 
1606 412.73 23.9488 -9.45658 
1607 411.426 23.9394 -10.0029 
1608 410.169 23.9268 -10.5491 
1609 408.957 23.9111 -11.0949 
1610 407.791 23.8921 -11.6402 
1611 406.671 23.8701 -12.1847 
1612 405.595 23.8449 -12.7284 
1613 404.563 23.8167 -13.2709 
1614 403.576 23.7854 -13.8122 
1615 402.633 23.7512 -14.352 
1616 401.732 23.714 -14.8901 
1617 400.875 23.6738 -15.4264 
1618 400.06 23.6308 -15.9606 
1619 399.287 23.5848 -16.4926 
1620 398.556 23.5361 -17.0222 
1621 397.866 23.4845 -17.5491 
1622 397.216 23.4302 -18.0733 
1623 396.608 23.3731 -18.5944 
1624 396.039 23.3133 -19.1123 
1625 395.51 23.2509 -19.6269 
1626 395.02 23.1859 -20.1378 
1627 394.569 23.1182 -20.6449 
1628 394.156 23.048 -21.148 
1629 393.781 22.9753 -21.647 
1630 393.443 22.9 -22.1415 
1631 393.143 22.8224 -22.6314 
1632 392.879 22.7423 -23.1165 
1633 392.651 22.6598 -23.5966 
1634 392.458 22.5749 -24.0715 
1635 392.302 22.4878 -24.5409 
1636 392.179 22.3984 -25.0047 
1637 392.092 22.3068 -25.4627 
1638 392.038 22.2129 -25.9146 
1639 392.017 22.1169 -26.3603 
1640 392.03 22.0188 -26.7995 
1641 392.074 21.9186 -27.232 
1642 392.151 21.8163 -27.6576 
1643 392.26 21.7121 -28.0761 
1644 392.4 21.6058 -28.4872 
1645 392.57 21.4977 -28.8908 
1646 392.77 21.3876 -29.2867 
1647 393.001 21.2757 -29.6746 
1648 393.26 21.162 -30.0543 
1649 393.548 21.0465 -30.4256 
1650 393.864 20.9292 -30.7882 
1651 394.208 20.8103 -31.142 
1652 394.579 20.6897 -31.487 
1653 394.976 20.5675 -31.8231 
1654 395.399 20.4437 -32.1503 
1655 395.846 20.3184 -32.4685 
1656 396.317 20.1917 -32.7779 
1657 396.811 20.0635 -33.0783 
1658 397.328 19.9339 -33.3698 
1659 397.867 19.8029 -33.6523 
1660 398.426 19.6707 -33.9259 
1661 399.005 19.5372 -34.1905 
1662 399.603 19.4025 -34.4461 
1663 400.22 19.2667 -34.6927 
1664 400.855 19.1297 -34.9303 
1665 401.506 18.9916 -35.1589 
1666 402.174 18.8525 -35.3785 
1667 402.857 18.7125 -35.589 
1668 403.554 18.5715 -35.7904 
1669 404.265 18.4296 -35.9828 
1670 404.988 18.2869 -36.1661 
1671 405.724 18.1433 -36.3403 
1672 406.47 17.9991 -36.5054 
1673 407.227 17.8541 -36.6614 
1674 407.993 17.7085 -36.8083 
1675 408.768 17.5623 -36.9461 
1676 409.551 17.4156 -37.0747 
1677 410.341 17.2683 -37.1942 
1678 411.136 17.1206 -37.3045 
1679 411.937 16.9725 -37.4056 
1680 412.742 16.824 -37.4976 
1681 413.551 16.6752 -37.5803 
1682 414.362 16.5262 -37.6539 
1683 415.175 16.377 -37.7182 
1684 415.989 16.2276 -37.7733 
1685 416.802 16.0781 -37.8192 
1686 417.615 15.9285 -37.8558 
1687 418.426 15.779 -37.8832 
1688 419.234 15.6295 -37.9013 
1689 420.038 15.4801 -37.9102 
1690 420.838 15.3308 -37.9097 
1691 421.632 15.1818 -37.9 
1692 422.42 15.033 -37.881 
1693 423.201 14.8846 -37.8526 
1694 423.973 14.7364 -37.815 
1695 424.737 14.5888 -37.768 
1696 425.49 14.4415 -37.7117 
1697 426.232 14.2948 -37.646 
1698 426.962 14.1487 -37.5709 
1699 427.679 14.0032 -37.4865 
1700 428.383 13.8584 -37.3928 
1701 429.072 13.7144 -37.2896 
1702 429.745 13.5711 -37.1773 
1703 430.404 13.4286 -37.0558 
1704 431.046 13.2869 -36.9253 
1705 431.673 13.1461 -36.7861 
1706 432.284 13.0062 -36.6381 
1707 432.878 12.8671 -36.4816 
1708 433.456 12.7291 -36.3167 
1709 434.017 12.5919 -36.1435 
1710 434.561 12.4558 -35.9622 
1711 435.087 12.3207 -35.7729 
1712 435.596 12.1867 -35.5758 
1713 436.087 12.0537 -35.371 
1714 436.559 11.9219 -35.1587 
1715 437.013 11.7912 -34.939 
1716 437.448 11.6617 -34.7121 
1717 437.865 11.5333 -34.4781 
1718 438.262 11.4063 -34.2371 
1719 438.639 11.2804 -33.9893 
1720 438.997 11.1559 -33.7349 
1721 439.334 11.0327 -33.474 
1722 439.651 10.9108 -33.2068 
1723 439.947 10.7904 -32.9334 
1724 440.223 10.6713 -32.654 
1725 440.477 10.5537 -32.3687 
1726 440.71 10.4376 -32.0777 
1727 440.921 10.3229 -31.7812 
1728 441.109 10.2098 -31.4792 
1729 441.276 10.0983 -31.172 
1730 441.42 9.9884 -30.8597 
1731 441.541 9.88012 -30.5426 
1732 441.638 9.7735 -30.2206 
1733 441.713 9.66858 -29.894 
1734 441.763 9.56538 -29.5631 
1735 441.789 9.46395 -29.2278 
1736 441.791 9.36431 -28.8884 
1737 441.769 9.26649 -28.5451 
1738 441.721 9.17053 -28.198 
1739 441.648 9.07646 -27.8473 
1740 441.55 8.98432 -27.4932 
1741 441.426 8.89412 -27.1358 
1742 441.275 8.80592 -26.7753 
1743 441.099 8.71974 -26.4118 
1744 440.895 8.63561 -26.0456 
1745 440.665 8.55357 -25.6768 
1746 440.407 8.47365 -25.3055 
1747 440.121 8.39588 -24.932 
1748 439.808 8.3203 -24.5565 
1749 439.466 8.24694 -24.179 
1750 439.096 8.17584 -23.7998 
1751 438.697 8.10703 -23.4191 
1752 438.27 8.04049 -23.0369 
1753 437.814 7.97623 -22.6534 
1754 437.33 7.91425 -22.2688 
1755 436.819 7.85452 -21.8832 
1756 436.28 7.79705 -21.4966 
1757 435.715 7.74184 -21.1093 
1758 435.122 7.68886 -20.7213 
1759 434.503 7.63813 -20.3329 
1760 433.858 7.58962 -19.9441 
1761 433.187 7.54333 -19.555 
1762 432.491 7.49926 -19.1659 
1763 431.769 7.4574 -18.7768 
1764 431.023 7.41774 -18.3879 
1765 430.252 7.38028 -17.9993 
1766 429.456 7.345 -17.6111 
1767 428.637 7.3119 -17.2236 
1768 427.794 7.28097 -16.8367 
1769 426.928 7.25221 -16.4508 
1770 426.039 7.2256 -16.0658 
1771 425.127 7.20115 -15.682 
1772 424.193 7.17883 -15.2995 
1773 423.237 7.15865 -14.9184 
1774 422.26 7.1406 -14.5389 
1775 421.261 7.12467 -14.1611 
1776 420.241 7.11084 -13.7851 
1777 419.2 7.09912 -13.4112 
1778 418.14 7.0895 -13.0394 
1779 417.059 7.08196 -12.6699 
1780 415.959 7.0765 -12.3029 
1781 414.839 7.07311 -11.9384 
1782 413.7 7.07178 -11.5767 
1783 412.543 7.07251 -11.2179 
1784 411.368 7.07528 -10.8621 
1785 410.175 7.08009 -10.5095 
1786 408.964 7.08693 -10.1602 
1787 407.736 7.09579 -9.81443 
1788 406.491 7.10666 -9.47227 
1789 405.23 7.11954 -9.1339 
1790 403.953 7.13441 -8.79948 
1791 402.66 7.15126 -8.46914 
1792 401.352 7.17009 -8.14306 
1793 400.029 7.19089 -7.82137 
1794 398.691 7.21365 -7.50425 
1795 397.338 7.23836 -7.19184 
1796 395.972 7.26501 -6.88429 
1797 394.593 7.29359 -6.58177 
1798 393.2 7.32409 -6.28444 
1799 391.795 7.35651 -5.99245 
1800 390.377 7.39083 -5.70596 
1801 388.947 7.42703 -5.4251 
1802 387.505 7.4651 -5.14993 
1803 386.052 7.50498 -4.88046 
1804 384.589 7.54665 -4.61672 
1805 383.114 7.59005 -4.35872 
1806 381.63 7.63515 -4.10648 
1807 380.135 7.68192 -3.86003 
1808 378.631 7.73031 -3.61938 
1809 377.118 7.78028 -3.38456 
1810 375.596 7.8318 -3.15559 
1811 374.066 7.88481 -2.93249 
1812 372.527 7.9393 -2.71528 
1813 370.981 7.9952 -2.50398 
1814 369.428 8.05248 -2.29862 
1815 367.867 8.11111 -2.0992 
1816 366.3 8.17104 -1.90576 
1817 364.727 8.23223 -1.71832 
1818 363.148 8.29463 -1.53689 
1819 361.564 8.35821 -1.3615 
1820 359.974 8.42293 -1.19217 
1821 358.38 8.48873 -1.02891 
1822 356.782 8.55559 -0.871762 
1823 355.179 8.62346 -0.720734 
1824 353.574 8.69229 -0.575849 
1825 351.965 8.76205 -0.437129 
1826 350.353 8.83268 -0.304595 
1827 348.739 8.90415 -0.178269 
1828 347.123 8.97642 -0.0581713 
1829 345.506 9.04943 0.0556758 
1830 343.887 9.12316 0.163251 
1831 342.268 9.19754 0.264533 
1832 340.648 9.27254 0.359501 
1833 339.028 9.34812 0.448133 
1834 337.409 9.42423 0.530407 
1835 335.791 9.50082 0.606301 
1836 334.174 9.57785 0.675796 
1837 332.558 9.65527 0.738867 
1838 330.945 9.73305 0.795496 
1839 329.334 9.81113 0.845658 
1840 327.726 9.88947 0.889334 
1841 326.122 9.96802 0.9265 
1842 324.521 10.0467 0.957136 
1843 322.925 10.1256 0.98122 
1844 321.333 10.2045 0.99873 
1845 319.746 10.2834 1.00964 
1846 318.164 10.3623 1.01394 
1847 316.589 10.4412 1.0116 
1848 315.02 10.5199 1.00259 
1849 313.457 10.5985 0.986907 
1850 311.902 10.6769 0.964514 
1851 310.354 10.755 0.935412 
1852 308.814 10.8328 0.899664 
1853 307.283 10.9103 0.857349 
1854 305.759 10.9875 0.808551 
1855 304.245 11.0642 0.753349 
1856 302.739 11.1406 0.691827 
1857 301.242 11.2165 0.624067 
1858 299.755 11.292 0.550151 
1859 298.278 11.367 0.470164 
1860 296.81 11.4414 0.384189 
1861 295.353 11.5153 0.292309 
1862 293.906 11.5886 0.19461 
1863 292.47 11.6612 0.0911773 
1864 291.045 11.7332 -0.0179046 
1865 289.632 11.8046 -0.132549 
1866 288.23 11.8752 -0.252671 
1867 286.839 11.945 -0.378182 
1868 285.461 12.0141 -0.508996 
1869 284.095 12.0823 -0.645026 
1870 282.742 12.1498 -0.786182 
1871 281.402 12.2163 -0.932377 
1872 280.075 12.2819 -1.08352 
1873 278.762 12.3466 -1.23953 
1874 277.462 12.4103 -1.4003 
1875 276.176 12.473 -1.56576 
1876 274.905 12.5347 -1.73581 
1877 273.648 12.5953 -1.91035 
1878 272.406 12.6547 -2.08931 
1879 271.18 12.7131 -2.27257 
1880 269.969 12.7703 -2.46007 
1881 268.773 12.8262 -2.65169 
1882 267.594 12.8809 -2.84735 
1883 266.431 12.9344 -3.04695 
1884 265.284 12.9865 -3.25041 
1885 264.154 13.0373 -3.45761 
1886 263.042 13.0868 -3.66848 
1887 261.947 13.1348 -3.88292 
1888 260.87 13.1813 -4.10082 
1889 259.811 13.2264 -4.32209 
1890 258.77 13.27 -4.54664 
1891 257.748 13.312 -4.77437 
1892 256.745 13.3525 -5.00519 
1893 255.761 13.3913 -5.23898 
1894 254.797 13.4285 -5.47566 
1895 253.852 13.464 -5.71512 
1896 252.928 13.4977 -5.95728 
1897 252.024 13.5297 -6.20201 
1898 251.141 13.5599 -6.44924 
1899 250.279 13.5883 -6.69885 
1900 249.438 13.6148 -6.95075 
1901 248.619 13.6394 -7.20482 
1902 247.822 13.6622 -7.46094 
1903 247.046 13.683 -7.71898 
1904 246.291 13.702 -7.9788 
1905 245.557 13.7191 -8.24027 
1906 244.845 13.7344 -8.50325 
1907 244.153 13.7479 -8.76761 
1908 243.482 13.7596 -9.0332 
1909 242.832 13.7695 -9.2999 
1910 242.203 13.7776 -9.56755 
1911 241.593 13.784 -9.83604 
1912 241.004 13.7886 -10.1052 
1913 240.436 13.7915 -10.3749 
1914 239.887 13.7926 -10.645 
1915 239.358 13.7921 -10.9154 
1916 238.849 13.7899 -11.1859 
1917 238.359 13.786 -11.4564 
1918 237.889 13.7804 -11.7268 
1919 237.438 13.7732 -11.9968 
1920 237.007 13.7644 -12.2664 
1921 236.594 13.754 -12.5354 
1922 236.2 13.7419 -12.8036 
1923 235.825 13.7283 -13.071 
1924 235.469 13.7131 -13.3373 
1925 235.131 13.6964 -13.6025 
1926 234.812 13.6782 -13.8664 
1927 234.511 13.6584 -14.1287 
1928 234.228 13.6371 -14.3895 
1929 233.962 13.6144 -14.6485 
1930 233.715 13.5901 -14.9056 
1931 233.485 13.5645 -15.1606 
1932 233.273 13.5374 -15.4133 
1933 233.078 13.5088 -15.6638 
1934 232.9 13.4789 -15.9117 
1935 232.739 13.4476 -16.1569 
1936 232.595 13.4149 -16.3993 
1937 232.468 13.3808 -16.6387 
1938 232.357 13.3454 -16.875 
1939 232.263 13.3087 -17.1079 
1940 232.185 13.2707 -17.3375 
1941 232.123 13.2314 -17.5634 
1942 232.077 13.1909 -17.7856 
1943 232.047 13.149 -18.0038 
1944 232.033 13.106 -18.218 
1945 232.034 13.0617 -18.4279 
1946 232.05 13.0163 -18.6335 
1947 232.082 12.9696 -18.8345 
1948 232.128 12.9218 -19.0308 
1949 232.189 12.8728 -19.2222 
1950 232.266 12.8227 -19.4085 
1951 232.356 12.7715 -19.5897 
1952 232.461 12.7192 -19.7658 
1953 232.58 12.6659 -19.9369 
1954 232.713 12.6114 -20.1031 
1955 232.859 12.556 -20.2644 
1956 233.018 12.4994 -20.4211 
1957 233.191 12.4419 -20.5731 
1958 233.376 12.3834 -20.7205 
1959 233.574 12.3239 -20.8636 
1960 233.784 12.2635 -21.0023 
1961 234.006 12.2021 -21.1367 
1962 234.24 12.1398 -21.267 
1963 234.485 12.0765 -21.3933 
1964 234.741 12.0124 -21.5157 
1965 235.008 11.9474 -21.6342 
1966 235.286 11.8816 -21.7489 
1967 235.574 11.8149 -21.8601 
1968 235.873 11.7475 -21.9677 
1969 236.181 11.6792 -22.0718 
1970 236.499 11.6101 -22.1726 
1971 236.826 11.5403 -22.2702 
1972 237.162 11.4697 -22.3647 
1973 237.507 11.3984 -22.4562 
1974 237.86 11.3264 -22.5447 
1975 238.222 11.2536 -22.6304 
1976 238.592 11.1803 -22.7134 
1977 238.969 11.1062 -22.7938 
1978 239.353 11.0316 -22.8717 
1979 239.745 10.9563 -22.9472 
1980 240.143 10.8804 -23.0204 
1981 240.548 10.804 -23.0915 
1982 240.959 10.7269 -23.1605 
1983 241.377 10.6494 -23.2275 
1984 241.799 10.5713 -23.2927 
1985 242.227 10.4927 -23.3561 
1986 242.661 10.4137 -23.4179 
1987 243.099 10.3342 -23.4781 
1988 243.541 10.2542 -23.537 
1989 243.988 10.1738 -23.5946 
1990 244.438 10.093 -23.6509 
1991 244.893 10.0119 -23.7062 
1992 245.35 9.93032 -23.7605 
1993 245.811 9.84844 -23.814 
1994 246.274 9.76624 -23.8667 
1995 246.739 9.68373 -23.9188 
1996 247.207 9.60094 -23.9704 
1997 247.677 9.51788 -24.0216 
1998 248.148 9.43458 -24.0725 
1999 248.62 9.35106 -24.1232 
2000 249.093 9.26734 -24.1739 
