7.46269e-05 315.653 -1.80699e-14 0 0 1.38037e-14 0 0 
0.000522762 2049.94 -1.9655e-08 0 0 -2.74229e-11 0 0 
0.000970896 3676.52 -7.93915e-05 0 0 -1.51993e-07 0 0 
0.00141903 5216.77 -0.00416467 0 0 -8.7692e-06 0 0 
0.00186717 6674.01 -0.0124267 0 0 -3.3057e-05 0 0 
0.0023153 8050.69 0.010071 0 0 2.09197e-05 0 0 
0.00276344 9349.47 -0.0108008 0 0 -3.90386e-05 0 0 
0.00321157 10573.2 0.00921742 0 0 1.84011e-05 0 0 
0.0036597 11724.8 -0.00168566 0 0 -2.39797e-05 0 0 
0.00410784 12807.4 0.000573585 0 0 1.56502e-05 0 0 
0.00455597 13823.9 0.00568626 0 0 -8.2937e-06 0 0 
0.00500411 14777.4 -0.0037747 0 0 5.34837e-07 0 0 
0.00545224 15670.7 0.00451091 0 0 8.18824e-06 0 0 
0.00590038 16506.5 0.00358903 0 0 -6.9719e-06 0 0 
0.00634851 17287.4 -0.00347171 0 0 3.29441e-06 0 0 
0.00679665 18016 0.00612738 0 0 2.08065e-06 0 0 
0.00724478 18694.5 0.00209703 0 0 -5.11356e-06 0 0 
0.00769292 19325.2 -0.00303928 0 0 3.19712e-06 0 0 
0.00814105 19910.3 0.00722259 0 0 1.11615e-06 0 0 
0.00858919 20451.7 0.000294697 0 0 -3.59963e-06 0 0 
0.00903732 20951.3 -0.00175009 0 0 2.96828e-06 0 0 
0.00948546 21411 0.0069894 0 0 -2.13966e-07 0 0 
0.00993359 21832.4 -0.00063622 0 0 -2.95954e-06 0 0 
0.0103817 22217.3 -0.000650995 0 0 2.84567e-06 0 0 
0.0108299 22567.1 0.00604936 0 0 -1.67249e-07 0 0 
0.011278 22883.4 -0.000501045 0 0 -1.56701e-06 0 0 
0.0117261 23167.6 -0.000629385 2.17389e-322 0 2.46258e-06 -2.47033e-323 0 
0.0121743 23421 0.0058251 -5.19253e-319 0 -9.88457e-07 5.99895e-320 0 
0.0126224 23645.1 -0.000647545 -6.15697e-315 0 -1.33353e-06 7.11292e-316 0 
0.0130705 23840.9 -0.000642822 9.83809e-311 0 2.18744e-06 -1.13656e-311 0 
0.0135187 24009.6 0.00577491 -8.25428e-307 0 -9.51453e-07 9.53586e-308 0 
0.0139668 24152.5 -0.00111795 4.00195e-303 0 -9.86327e-07 -4.62331e-304 0 
0.0144149 24271.2 -0.000198317 2.33161e-300 0 1.77297e-06 -2.69362e-301 0 
0.0148631 24367.4 0.0052066 -2.38884e-295 0 -7.6558e-07 2.75974e-296 0 
0.0153112 24441.7 -0.00109292 2.6837e-291 0 -5.64885e-07 -3.10038e-292 0 
0.0157593 24494.5 -7.60274e-05 -1.82675e-287 0 1.21339e-06 2.11038e-288 0 
0.0162075 24525.9 0.00473146 5.51625e-284 0 -7.39135e-07 -6.37272e-285 0 
0.0166556 24537.1 -0.000919797 4.04089e-280 0 -4.13208e-07 -4.66829e-281 0 
0.0171037 24529.5 -0.000240506 -7.53237e-276 0 9.52418e-07 8.70187e-277 0 
0.0175519 24504.8 0.00458044 6.70071e-272 0 -5.84162e-07 -7.74108e-273 0 
0.018 24464 -0.00101219 -3.54944e-268 0 -1.85586e-07 4.10053e-269 0 
0.0184481 24407.7 -0.000165433 1.51249e-265 0 6.80343e-07 -1.74732e-266 0 
0.0188963 24336.4 0.00425416 1.73402e-260 0 -5.168e-07 -2.00325e-261 0 
0.0193444 24250.4 -0.0009817 -2.11097e-256 0 -7.08352e-08 2.43873e-257 0 
0.0197926 24150.7 -0.000110884 1.52663e-252 0 4.58492e-07 -1.76366e-253 0 
0.0202407 24038.3 0.00385854 -5.471e-249 0 -3.77832e-07 6.32044e-250 0 
0.0206888 23914.1 -0.00078211 -2.4917e-245 0 2.71457e-08 2.87857e-246 0 
0.021137 23779.1 -0.000248635 5.7152e-241 0 3.06019e-07 -6.60256e-242 0 
0.0215851 23633.9 0.0036419 -5.40093e-237 0 -2.70911e-07 6.23949e-238 0 
0.0220332 23479.3 -0.000690116 3.09489e-233 0 -5.45871e-09 -3.57542e-234 0 
0.0224814 23315.9 -0.000317911 -3.96569e-230 0 1.9565e-07 4.58141e-231 0 
0.0229295 23144.4 0.00340924 -1.23517e-225 0 -1.88698e-07 1.42695e-226 0 
0.0233776 22965.3 -0.000603644 1.64877e-221 0 -4.29427e-08 -1.90476e-222 0 
0.0238258 22779.3 -0.000336633 -1.26439e-217 0 1.0506e-07 1.4607e-218 0 
0.0242739 22587 0.00311389 5.18885e-214 0 -8.5447e-08 -5.99449e-215 0 
0.024722 22389.1 -0.000422069 1.37589e-210 0 3.32902e-08 -1.58951e-211 0 
0.0251702 22186 -0.000446311 -4.29274e-206 0 8.79704e-08 4.95924e-207 0 
0.0256183 21978.3 0.00289573 4.32327e-202 0 4.52953e-09 -4.99452e-203 0 
0.0260664 21766.6 -0.000270303 -2.66046e-198 0 -9.78726e-09 3.07354e-199 0 
0.0265146 21551.3 -0.000551065 5.38592e-195 0 4.34242e-08 -6.22216e-196 0 
0.0269627 21332.9 0.00270971 8.5866e-191 0 2.65848e-08 -9.91978e-192 0 
0.0274108 21112 -0.000153623 -1.27827e-186 0 -6.03305e-08 1.47674e-187 0 
0.027859 20889 -0.000607596 1.03858e-182 0 -6.9868e-09 -1.19984e-183 0 
0.0283071 20664.4 0.00248519 -4.76706e-179 0 6.86816e-08 5.50721e-180 0 
0.0287552 20438.5 6.28649e-06 -5.88543e-176 0 -9.09724e-08 6.79922e-177 0 
0.0292034 20211.8 -0.000698323 3.18704e-171 0 -3.12857e-08 -3.68187e-172 0 
0.0296515 19984.8 0.0022948 -3.43713e-167 0 9.05982e-08 3.97079e-168 0 
0.0300997 19757.8 0.000156071 2.25935e-163 0 -1.21613e-07 -2.61015e-164 0 
0.0305478 19531.1 -0.000790081 -6.06171e-160 0 -4.76406e-08 7.00287e-161 0 
0.0309959 19305 0.00213424 -5.77452e-156 0 1.16704e-07 6.67109e-157 0 
0.0314441 19079.9 0.000275764 9.8325e-152 0 -1.36221e-07 -1.13591e-152 0 
0.0318922 18856 -0.000850326 -8.46566e-148 0 -5.1256e-08 9.78007e-149 0 
0.0323403 18633.6 0.00196124 4.27525e-144 0 1.30819e-07 -4.93904e-145 0 
0.0327885 18413.1 0.000404701 4.77762e-142 0 -1.59047e-07 -5.51941e-143 0 
0.0332366 18194.5 -0.000911994 -2.33392e-136 0 -4.62971e-08 2.6963e-137 0 
0.0336847 17978 0.00179945 2.71402e-132 0 1.58357e-07 -3.13541e-133 0 
0.0341329 17763.9 0.000527635 -1.89839e-128 0 -1.51174e-07 2.19313e-129 0 
0.034581 17552.3 -0.000974071 6.22008e-125 0 -3.17871e-08 -7.18583e-126 0 
0.0350291 17343.4 0.00166035 3.69977e-121 0 1.62848e-07 -4.2742e-122 0 
0.0354773 17137.4 0.000628427 -7.4988e-117 0 -1.62409e-07 8.66309e-118 0 
0.0359254 16934.3 -0.00101426 6.85036e-113 0 -2.50744e-08 -7.91396e-114 0 
0.0363735 16734.4 0.00151944 -3.76167e-109 0 1.61235e-07 4.34572e-110 0 
0.0368217 16537.9 0.000722714 3.09323e-106 0 -1.69151e-07 -3.57349e-107 0 
0.0372698 16344.7 -0.00104427 1.68092e-101 0 -2.22596e-08 -1.9419e-102 0 
0.0377179 16155.2 0.00138254 -2.12819e-97 0 1.55484e-07 2.45862e-98 0 
0.0381661 15969.4 0.000810727 1.57999e-93 0 -1.7137e-07 -1.82531e-94 0 
0.0386142 15787.4 -0.00106841 -6.03505e-90 0 -1.39443e-08 6.97207e-91 0 
0.0390623 15609.2 0.00125862 -2.19117e-86 0 1.51574e-07 2.53138e-87 0 
0.0395105 15434.9 0.000881506 5.66507e-82 0 -1.66228e-07 -6.54465e-83 0 
0.0399586 15264.5 -0.00107546 -5.5045e-78 0 2.22208e-09 6.35914e-79 0 
0.0404068 15098 0.00113627 3.25832e-74 0 1.47187e-07 -3.76422e-75 0 
0.0408549 14935.3 0.000940952 -5.29019e-71 0 -1.61803e-07 6.11156e-72 0 
0.041303 14776.5 -0.00106871 -1.18543e-66 0 1.04431e-08 1.36949e-67 0 
0.0417512 14621.4 0.00101553 1.65684e-62 0 1.368e-07 -1.91408e-63 0 
0.0421993 14470.2 0.000991823 -1.30369e-58 0 -1.53948e-07 1.5061e-59 0 
0.0426474 14322.8 -0.00105244 5.63661e-55 0 1.79023e-08 -6.51177e-56 0 
0.0430956 14179.2 0.000901062 1.11379e-51 0 1.26799e-07 -1.28672e-52 0 
0.0435437 14039.3 0.00103089 -4.23406e-47 0 -1.47929e-07 4.89146e-48 0 
0.0439918 13903.2 -0.00102311 4.39282e-43 0 2.09031e-08 -5.07487e-44 0 
0.04444 13770.9 0.000790144 -2.78524e-39 0 1.12813e-07 3.21769e-40 0 
0.0448881 13642.2 0.0010586 6.47911e-36 0 -1.36449e-07 -7.48508e-37 0 
0.0453362 13517.2 -0.000982559 8.13137e-32 0 2.82619e-08 -9.39388e-33 0 
0.0457844 13395.9 0.000680757 -1.28013e-27 0 1.00433e-07 1.47888e-28 0 
0.0462325 13278.2 0.00107721 1.067e-23 0 -1.22538e-07 -1.23284e-24 0 
0.0466806 13163.9 -0.000930533 -5.11832e-20 0 3.10146e-08 5.9107e-21 0 
0.0471288 13053.2 0.000573115 1.99581e-16 0 9.05514e-08 3.13942e-18 0 
0.0475769 12945.7 0.00108728 1.72132e-12 0 -1.11509e-07 3.91323e-13 0 
0.048025 12841.4 -0.000868088 1.24388e-11 0 2.7722e-08 3.35952e-12 0 
0.0484732 12740.3 0.000467417 7.95487e-11 0 7.54032e-08 2.56414e-11 0 
0.0489213 12642.2 0.00108929 4.37954e-10 0 -1.04195e-07 1.77151e-10 0 
0.0493694 12547.1 -0.000797459 2.00437e-09 0 2.42321e-08 1.10498e-09 0 
0.0498176 12454.8 0.000363594 6.97148e-09 0 6.37581e-08 6.20398e-09 0 
0.0502657 12365.2 0.0010837 1.23616e-08 0 -8.84098e-08 3.12436e-08 0 
0.0507138 12278.2 -0.000719239 -5.31326e-08 0 2.68332e-08 1.40571e-07 0 
0.051162 12193.8 0.000261795 -6.78379e-07 0 5.9017e-08 5.62279e-07 0 
0.0516101 12111.9 0.00107254 -4.1758e-06 0 -7.31631e-08 1.98729e-06 0 
0.0520583 12032.3 -0.000634729 -1.89446e-05 0 2.38107e-08 6.15747e-06 0 
0.0525064 11955 0.000163113 -6.87176e-05 0 4.88011e-08 1.65517e-05 0 
0.0529545 11879.9 0.00105539 -0.000203656 0 -6.25318e-08 3.80497e-05 0 
0.0534027 11806.8 -0.000545877 -0.000492083 0 1.80943e-08 7.32526e-05 0 
0.0538508 11735.8 6.68369e-05 -0.000949432 0 3.83063e-08 0.000114213 0 
0.0542989 11666.6 0.00103326 -0.00139246 0 -5.29306e-08 0.000135537 0 
0.0547471 11599.2 -0.000452979 -0.00136851 0 1.12009e-08 0.000104933 0 
0.0551952 11533.5 -2.60037e-05 -0.000481476 0 3.03933e-08 2.01429e-05 0 
0.0556433 11469.4 0.00100704 0.000874546 0 -3.99613e-08 -6.06595e-05 0 
0.0560915 11406.8 -0.00035849 0.00134469 0 8.58868e-09 -6.07403e-05 0 
0.0565396 11345.6 -0.000114782 0.000137352 0 2.48963e-08 1.1272e-05 0 
0.0569877 11285.6 0.000976859 -0.0012031 0 -2.93196e-08 4.8062e-05 0 
0.0574359 11226.8 -0.000262485 -0.000484032 0 2.94357e-09 8.13385e-07 0 
0.057884 11169.2 -0.00020036 0.00111389 0 1.93157e-08 -3.30979e-05 0 
0.0583321 11112.4 0.000943532 0.000473993 0 -2.07113e-08 5.04783e-06 0 
0.0587803 11056.6 -0.000166191 -0.00111754 0 -4.75365e-09 1.99936e-05 0 
0.0592284 11001.5 -0.000281621 -0.000105445 0 1.36155e-08 -1.4607e-05 0 
0.0596765 10947.1 0.000908565 0.00111932 0 -1.40413e-08 -2.92691e-06 0 
0.0601247 10893.2 -7.20517e-05 -0.000484764 0 -1.21228e-08 1.59692e-05 0 
0.0605728 10839.8 -0.000356505 -0.000731604 0 8.65149e-09 -1.61399e-05 0 
0.0610209 10786.9 0.000871142 0.00101094 0 -7.23622e-09 5.49297e-07 0 
0.0614691 10734.3 1.89829e-05 -0.000148317 0 -1.58926e-08 1.9976e-05 0 
0.0619172 10682.1 -0.000425575 -0.000802972 0 8.46122e-09 -2.54221e-05 0 
0.0623654 10630 0.000831271 0.000953368 0 3.07206e-09 7.01035e-06 0 
0.0628135 10578.1 0.000107051 -0.000269098 -9.88131e-324 -1.63213e-08 2.1585e-05 0 
0.0632616 10526.2 -0.000488347 -0.000577025 2.50738e-320 1.15094e-08 -3.61435e-05 -2.76677e-322 
0.0637098 10474.3 0.000790059 0.000958686 2.52038e-316 1.40314e-08 2.35732e-05 -2.78749e-318 
0.0641579 10422.4 0.000190928 -0.00067593 -4.22111e-312 -1.61597e-08 7.94694e-06 4.66846e-314 
0.064606 10370.3 -0.00054439 6.71435e-06 3.61083e-308 1.45863e-08 -3.69194e-05 -3.99351e-310 
0.0650542 10317.9 0.000747519 0.000628733 -1.80543e-304 2.16389e-08 4.47674e-05 1.99677e-306 
0.0655023 10265.3 0.000269328 -0.000901917 -4.07617e-302 -1.83847e-08 -2.71691e-05 4.50817e-304 
0.0659504 10212.4 -0.000592686 0.000746109 1.0078e-296 1.42251e-08 -5.62188e-06 -1.1146e-298 
0.0663986 10159.1 0.000703404 -0.000282706 -1.16167e-292 2.52395e-08 3.67576e-05 1.28478e-294 
0.0668467 10105.4 0.000341658 -0.000256908 8.07085e-289 -2.17813e-08 -5.22759e-05 -8.9262e-291 
0.0672948 10051.3 -0.000633153 0.000678219 -2.59339e-285 1.30477e-08 4.68231e-05 2.86824e-287 
0.067743 9996.76 0.000658238 -0.000858233 -1.62531e-281 2.70885e-08 -2.40737e-05 1.79756e-283 
0.0681911 9941.73 0.000408504 0.000786511 3.22244e-277 -2.59771e-08 -6.66468e-06 -3.56395e-279 
0.0686392 9886.18 -0.000665611 -0.00051441 -2.92418e-273 1.11818e-08 3.50248e-05 3.23409e-275 
0.0690874 9830.08 0.00061202 0.000141609 1.59161e-269 2.71866e-08 -5.32002e-05 -1.7603e-271 
0.0695355 9773.4 0.000468498 0.000241573 -1.15525e-266 -2.98269e-08 5.76461e-05 1.27768e-268 
0.0699836 9716.09 -0.000690111 -0.000555315 -7.27305e-262 9.35397e-09 -4.89693e-05 8.04385e-264 
0.0704318 9658.13 0.000564408 0.00076035 9.1163e-258 2.72888e-08 3.06884e-05 -1.00825e-259 
0.0708799 9599.48 0.000521495 -0.000838397 -6.72401e-254 -3.21009e-08 -7.61043e-06 7.43663e-256 
0.071328 9540.12 -0.000705968 0.000803302 2.52919e-250 8.45428e-09 -1.55865e-05 -2.79724e-252 
0.0717762 9480.08 0.000516072 -0.000675058 9.73345e-247 2.72065e-08 3.52692e-05 -1.0765e-248 
0.0722243 9419.35 0.000568036 0.000487514 -2.43713e-242 -3.36625e-08 -4.92342e-05 2.69542e-244 
0.0726724 9357.97 -0.000713344 -0.000266777 2.35149e-238 8.45532e-09 5.66817e-05 -2.60071e-240 
0.0731206 9295.94 0.000466606 4.17153e-05 -1.38086e-234 2.73825e-08 -5.79169e-05 1.5272e-236 
0.0735687 9233.28 0.00060743 0.000171791 2.12645e-231 -3.40557e-08 5.3963e-05 -2.35181e-233 
0.0740169 9170 -0.000713061 -0.000357897 5.14259e-227 8.07044e-09 -4.61903e-05 -5.68761e-229 
0.074465 9106.13 0.000415905 0.000512998 -7.10301e-223 2.62089e-08 3.60308e-05 7.8558e-225 
0.0749131 9041.68 0.000640012 -0.000632337 5.55327e-219 -3.51459e-08 -2.47734e-05 -6.14181e-221 
0.0753613 8976.66 -0.000705144 0.00072032 -2.37082e-215 6.4101e-09 1.34514e-05 2.62208e-217 
0.0758094 8911.08 0.000365125 -0.000777932 -5.06704e-212 2.34381e-08 -2.81195e-06 5.60404e-214 
0.0762575 8844.97 0.000666223 0.000812463 1.82382e-207 -3.64534e-08 -6.66807e-06 -2.01711e-209 
0.0767057 8778.34 -0.000689282 -0.000826943 -1.87801e-203 4.01238e-09 1.47397e-05 2.07705e-205 
0.0771538 8711.21 0.000313893 0.000828185 1.18199e-199 2.01926e-08 -2.13296e-05 -1.30726e-201 
0.0776019 8643.59 0.000686011 -0.000819912 -2.66211e-196 -3.69017e-08 2.64851e-05 2.94425e-198 
0.0780501 8575.51 -0.0006662 0.000805159 -3.53996e-192 1.99861e-09 -3.03287e-05 3.91513e-194 
0.0784982 8507.03 0.000261592 -0.000790937 5.49278e-188 1.74011e-08 3.30256e-05 -6.07491e-190 
0.0789463 8438.19 0.000699947 0.000771101 -4.5496e-184 -3.71202e-08 -3.47579e-05 5.03177e-186 
0.0793945 8369.03 -0.000636522 -0.000764159 2.15918e-180 6.10707e-11 3.56897e-05 -2.38801e-182 
0.0798426 8299.6 0.000209408 0.000742448 1.80097e-177 1.48945e-08 -3.59738e-05 -1.99184e-179 
0.0802907 8229.93 0.000708295 -0.000752326 -1.34824e-172 -3.59116e-08 3.57207e-05 1.49112e-174 
0.0807389 8160.08 -0.000600928 0.000726026 1.48969e-168 -7.33218e-10 -3.50422e-05 -1.64757e-170 
0.081187 8090.08 0.000157431 -0.00075744 -1.00008e-164 1.33858e-08 3.40031e-05 1.10607e-166 
0.0816351 8019.98 0.00071116 0.000724718 2.88744e-161 -3.3121e-08 -3.26355e-05 -3.19345e-163 
0.0820833 7949.82 -0.000560297 -0.000770375 2.34761e-157 -5.9631e-10 3.10074e-05 -2.59641e-159 
0.0825314 7879.63 0.000105746 0.000737485 -4.2134e-153 1.29226e-08 -2.9026e-05 4.65994e-155 
0.0829795 7809.48 0.000709149 -0.000774598 3.6993e-149 -2.94119e-08 2.68705e-05 -4.09136e-151 
0.0834277 7739.38 -0.000514856 0.000754459 -1.92325e-145 -1.98783e-10 -2.42959e-05 2.12707e-147 
0.0838758 7669.39 5.47572e-05 -0.000757654 4.17496e-143 1.26118e-08 2.1559e-05 -4.61743e-145 
0.084324 7599.55 0.000702644 0.000748973 9.82242e-138 -2.56865e-08 -1.84477e-05 -1.08634e-139 
0.0847721 7529.88 -0.000465589 -0.00071295 -1.17359e-133 1.2542e-10 1.50481e-05 1.29796e-135 
0.0852202 7460.45 4.8449e-06 0.000689101 8.37547e-130 1.26733e-08 -1.15459e-05 -9.26311e-132 
0.0856684 7391.29 0.000691493 -0.000626681 -2.90005e-126 -2.09929e-08 7.60015e-06 3.2074e-128 
0.0861165 7322.44 -0.000413412 0.000561564 -1.47189e-122 1.19362e-09 -3.83934e-06 1.62789e-124 
0.0865646 7253.95 -4.38818e-05 -0.000472479 3.20362e-118 1.29047e-08 -1.89126e-07 -3.54314e-120 
0.0870128 7185.85 0.000675837 0.000369482 -2.98638e-114 -1.65535e-08 3.98501e-06 3.30288e-116 
0.0874609 7118.2 -0.000358251 -0.000243438 1.68285e-110 1.57407e-09 -7.44356e-06 -1.8612e-112 
0.087909 7051.02 -9.08677e-05 0.000117098 -1.85482e-107 1.29854e-08 1.07201e-05 2.05139e-109 
0.0883572 6984.36 0.000657623 3.26502e-05 -7.02886e-103 -1.24293e-08 -1.30626e-05 7.77378e-105 
0.0888053 6918.26 -0.000301156 -0.000170692 9.18088e-99 1.53235e-09 1.49643e-05 -1.01539e-100 
0.0892534 6852.76 -0.000135932 0.000312182 -6.95013e-95 1.29921e-08 -1.57694e-05 7.68671e-97 
0.0897016 6787.89 0.000636535 -0.000431706 2.77415e-91 -8.41446e-09 1.56418e-05 -3.06816e-93 
0.0901497 6723.7 -0.000243467 0.000534348 8.38669e-88 1.6099e-09 -1.46083e-05 -9.27551e-90 
0.0905978 6660.22 -0.000178597 -0.000595015 -2.41196e-83 1.2988e-08 1.23776e-05 2.66758e-85 
0.091046 6597.49 0.000612362 0.000623433 2.39415e-79 -4.8681e-09 -9.58924e-06 -2.64789e-81 
0.0914941 6535.54 -0.000185445 -0.000598596 -1.45092e-75 1.13025e-09 5.91939e-06 1.60468e-77 
0.0919422 6474.42 -0.000218331 0.000532453 2.70949e-72 1.26132e-08 -2.104e-06 -2.99664e-74 
0.0923904 6414.15 0.000586031 -0.000413899 4.9158e-68 -2.22263e-09 -1.71668e-06 -5.43678e-70 
0.0928385 6354.75 -0.00012813 0.00026605 -7.12979e-64 -3.00951e-10 5.2191e-06 7.88541e-66 
0.0932866 6296.24 -0.000254474 -8.43431e-05 5.7191e-60 1.10996e-08 -7.69756e-06 -6.32522e-62 
0.0937348 6238.64 0.000557222 -9.85072e-05 -2.5647e-56 -6.98421e-10 9.32387e-06 2.8365e-58 
0.0941829 6181.95 -7.17609e-05 0.000278131 -3.896e-53 -2.18702e-09 -9.41292e-06 4.30891e-55 
0.094631 6126.18 -0.000286549 -0.000420018 1.79561e-48 9.3916e-09 8.23228e-06 -1.98591e-50 
0.0950792 6071.35 0.000527056 0.000519788 -1.9063e-44 8.18315e-10 -5.79894e-06 2.10833e-46 
0.0955273 6017.47 -1.52692e-05 -0.000550583 1.23532e-40 -3.81987e-09 2.30204e-06 -1.36624e-42 
0.0959755 5964.56 -0.000315187 0.000516604 -3.14119e-37 8.25734e-09 1.4861e-06 3.47409e-39 
0.0964236 5912.61 0.000492849 -0.000408908 -3.33373e-33 2.48239e-09 -5.39953e-06 3.68704e-35 
0.0968717 5861.65 3.19164e-05 0.000250495 5.49415e-29 -4.97976e-09 8.42698e-06 -6.07643e-31 
0.0973199 5811.68 -0.000350114 -5.04523e-05 -4.66949e-25 7.75139e-09 -1.02392e-05 5.16439e-27 
0.097768 5762.72 0.000450854 -0.000151763 2.31426e-21 4.29398e-09 1.04452e-05 -2.5566e-23 
0.0982161 5714.77 8.30881e-05 0.000336346 -1.79112e-17 -5.67577e-09 -8.70043e-06 -1.22876e-19 
0.0986643 5667.85 -0.000351193 -0.000461655 7.2105e-14 7.40198e-09 5.45186e-06 3.11012e-15 
0.0991124 5621.97 0.000457832 0.000516949 4.15701e-13 5.89998e-09 -8.53739e-07 2.65005e-14 
0.0995605 5577.14 0.000180002 -0.000479234 2.31182e-12 -6.41781e-09 -4.08777e-06 1.62702e-13 
0.100009 5533.36 -0.000339721 0.000362219 1.21429e-11 6.81498e-09 8.63349e-06 9.37982e-13 
0.100457 5490.65 0.000395889 -0.000175088 6.01948e-11 6.96572e-09 -1.1932e-05 5.07682e-12 
0.100905 5449.01 0.000129739 -4.02128e-05 2.81284e-10 -7.40874e-09 1.3054e-05 2.58021e-11 
0.101353 5408.44 -0.000487307 0.000252766 1.23735e-09 5.97865e-09 -1.19025e-05 1.23115e-10 
0.101801 5368.92 0.000244556 -0.000412053 5.11599e-09 7.41881e-09 8.29097e-06 5.51236e-10 
0.102249 5330.42 0.000140597 0.000493068 1.98464e-08 -8.93232e-09 -2.97333e-06 2.31398e-09 
0.102697 5292.94 -0.000414874 -0.000468163 7.20852e-08 4.37376e-09 -3.19182e-06 9.09619e-09 
0.103146 5256.45 0.000360084 0.000349324 2.44556e-07 6.98502e-09 9.00211e-06 3.3433e-08 
0.103594 5220.94 0.0003318 -0.000150643 7.72757e-07 -1.06919e-08 -1.3069e-05 1.14677e-07 
0.104042 5186.39 -0.000314138 -7.74394e-05 2.26656e-06 2.71335e-09 1.46347e-05 3.66225e-07 
0.10449 5152.78 0.000371871 0.00029283 6.14564e-06 6.47675e-09 -1.30762e-05 1.08579e-06 
0.104938 5120.1 0.000388799 -0.000436326 1.53265e-05 -1.19612e-08 8.69022e-06 2.97815e-06 
0.105386 5088.32 -0.000296457 0.000481329 3.4931e-05 1.53928e-09 -2.27543e-06 7.52426e-06 
0.105834 5057.44 0.000326424 -0.000407079 7.21499e-05 6.38085e-09 -4.78289e-06 1.74149e-05 
0.106283 5027.44 0.000361847 0.000237009 0.000133525 -1.23961e-08 1.08562e-05 3.66651e-05 
0.106731 4998.3 -0.00038927 -3.55508e-06 0.000217783 1.14982e-09 -1.44834e-05 6.95596e-05 
0.107179 4970 0.000184271 -0.000227081 0.000304995 6.7897e-09 1.47088e-05 0.000117351 
0.107627 4942.54 0.00030179 0.000402394 0.000349816 -1.22488e-08 -1.14835e-05 0.000172586 
0.108075 4915.88 -0.000451228 -0.000467505 0.00029435 1.05903e-09 5.40812e-06 0.00021402 
0.108523 4890.02 7.24124e-05 0.000410746 0.000112445 7.19464e-09 2.05827e-06 0.000209364 
0.108971 4864.95 0.000249411 -0.000238483 -0.000132482 -1.17345e-08 -8.94795e-06 0.000133446 
0.109419 4840.64 -0.000485212 4.03336e-06 -0.000279494 1.21582e-09 1.35031e-05 -1.55781e-06 
0.109868 4817.08 2.22493e-05 0.000234402 -0.000178236 7.77981e-09 -1.45144e-05 -0.000128685 
0.110316 4794.25 0.000268792 -0.000400965 0.000127475 -1.07669e-08 1.16856e-05 -0.000157103 
0.110764 4772.12 -0.000462348 0.000452808 0.000344646 1.68787e-09 -5.7748e-06 -5.38897e-05 
0.111212 4750.67 4.03823e-06 -0.000366962 0.000191383 8.61822e-09 -1.6517e-06 9.35543e-05 
0.11166 4729.87 0.000322714 0.000174916 -0.000208519 -9.47725e-09 8.45488e-06 0.00013398 
0.112108 4709.68 -0.00038533 7.25375e-05 -0.000348522 2.26836e-09 -1.27567e-05 1.83039e-05 
0.112556 4690.08 2.1866e-05 -0.000291855 1.5401e-05 9.32948e-09 1.32055e-05 -0.000112031 
0.113005 4671.04 0.000382138 0.000420638 0.000387825 -8.20543e-09 -9.89471e-06 -8.30645e-05 
0.113453 4652.53 -0.000300635 -0.000410431 0.000159988 2.58847e-09 3.79251e-06 6.23224e-05 
0.113901 4634.53 5.35375e-05 0.000270793 -0.000346246 9.62572e-09 3.3718e-06 0.000101847 
0.114349 4617.01 0.000443947 -4.01413e-05 -0.000252091 -7.08396e-09 -9.18484e-06 -2.47602e-05 
0.114797 4599.93 -0.0002269 -0.00019794 0.000320593 2.73787e-09 1.19351e-05 -9.91168e-05 
0.115245 4583.27 6.78642e-05 0.000369538 0.000297414 9.7486e-09 -1.08642e-05 7.29552e-06 
0.115693 4567 0.00049237 -0.000409252 -0.000319546 -6.03003e-09 6.40828e-06 9.08075e-05 
0.116142 4551.1 -0.000163046 0.000309826 -0.000284212 2.76949e-09 -6.5385e-08 -6.46961e-06 
0.11659 4535.53 5.96099e-05 -9.94913e-05 0.000365536 9.79379e-09 -5.99738e-06 -8.17104e-05 
0.117038 4520.26 0.000512632 -0.000140881 0.000222035 -4.89213e-09 9.82923e-06 1.73194e-05 
0.117486 4505.27 -0.000114304 0.000330031 -0.000424831 2.7892e-09 -1.01274e-05 6.98492e-05 
0.117934 4490.54 3.60886e-05 -0.000393045 -8.33217e-05 9.73679e-09 6.95962e-06 -3.45887e-05 
0.118382 4476.02 0.000505836 0.000312938 0.000462472 -3.79972e-09 -1.5459e-06 -5.07387e-05 
0.11883 4461.7 -8.5686e-05 -0.00011398 -0.00012024 2.74729e-09 -4.07454e-06 5.08935e-05 
0.119278 4447.54 6.35353e-07 -0.000122336 -0.000399286 9.54107e-09 7.90757e-06 2.17839e-05 
0.119727 4433.52 0.000481218 0.000311504 0.000345669 -2.87119e-09 -8.67523e-06 -5.60936e-05 
0.120175 4419.61 -7.32791e-05 -0.00037399 0.000187024 2.47968e-09 6.22147e-06 1.26772e-05 
0.120623 4405.78 -4.54961e-05 0.000292063 -0.000464832 9.09272e-09 -1.62287e-06 4.12794e-05 
0.121071 4392.03 0.000446111 -9.2544e-05 0.000149572 -2.12295e-09 -3.27538e-06 -3.88471e-05 
0.121519 4378.33 -6.90564e-05 -0.000137793 0.000345888 1.84904e-09 6.57605e-06 -7.78261e-06 
0.121967 4364.67 -9.86093e-05 0.000311979 -0.000425707 8.18848e-09 -7.10895e-06 3.96786e-05 
0.122415 4351.02 0.000404065 -0.00035264 2.62387e-05 -1.78485e-09 4.79111e-06 -2.5901e-05 
0.122864 4337.39 -6.65105e-05 0.000249441 0.000395134 8.60722e-10 -7.14959e-07 -1.16459e-05 
0.123312 4323.74 -0.000153243 -4.05575e-05 -0.0003961 7.01095e-09 -3.34941e-06 3.29665e-05 
0.12376 4310.06 0.000358035 -0.000179548 4.38567e-06 -1.71121e-09 5.7121e-06 -2.18134e-05 
0.124208 4296.33 -6.17449e-05 0.000322923 0.000383265 -2.90625e-10 -5.48941e-06 -6.27429e-06 
0.124656 4282.54 -0.000204016 -0.000322204 -0.000408957 5.72089e-09 2.92497e-06 2.54927e-05 
0.125104 4268.67 0.000311655 0.000183809 7.63212e-05 -1.73718e-09 7.23757e-07 -2.28253e-05 
0.125552 4254.7 -5.32754e-05 3.6445e-05 0.000312456 -1.43754e-09 -3.78509e-06 4.0779e-06 
0.126 4240.62 -0.000247389 -0.000235547 -0.000437145 4.52964e-09 4.94083e-06 1.53551e-05 
0.126449 4226.4 0.000267734 0.000329961 0.00022151 -1.64463e-09 -3.74481e-06 -2.29685e-05 
0.126897 4212.04 -4.06267e-05 -0.000271302 0.000152617 -2.42447e-09 8.76906e-07 1.57909e-05 
0.127345 4197.52 -0.000281999 9.25428e-05 -0.000406148 3.45377e-09 2.2749e-06 3.24639e-07 
0.127793 4182.81 0.000228249 0.000130144 0.000376973 -1.53826e-09 -4.15946e-06 -1.56488e-05 
0.128241 4167.9 -2.36651e-05 -0.000288318 -0.000102865 -3.31898e-09 3.95755e-06 2.20219e-05 
0.128689 4152.77 -0.000307357 0.000313901 -0.000225553 2.49902e-09 -1.76625e-06 -1.64829e-05 
0.129137 4137.42 0.000194366 -0.000188565 0.000409794 -1.26138e-09 -1.23871e-06 2.13473e-06 
0.129586 4121.81 -2.24549e-06 -2.26184e-05 -0.000353832 -3.89132e-09 3.58679e-06 1.37239e-05 
0.130034 4105.94 -0.000323253 0.000224524 0.000107875 1.86317e-09 -4.04381e-06 -2.32202e-05 
0.130482 4089.78 0.000165872 -0.000314838 0.00018649 -7.82434e-10 2.42232e-06 2.16521e-05 
0.13093 4073.33 2.29206e-05 0.000255238 -0.000377114 -4.36966e-09 4.61491e-07 -9.61852e-06 
0.131378 4056.57 -0.000330723 -6.88239e-05 0.000382392 1.14732e-09 -3.12923e-06 -7.41745e-06 
0.131826 4039.5 0.000141855 -0.000147396 -0.000213415 -5.74742e-10 4.18231e-06 2.18014e-05 
0.132274 4022.13 5.11448e-05 0.000292538 -4.09985e-05 -4.98551e-09 -3.07063e-06 -2.72206e-05 
0.132722 4004.47 -0.00033016 -0.000289303 0.000269425 4.21632e-10 3.12152e-07 2.13723e-05 
0.133171 3986.53 0.000121789 0.000144383 -0.000382491 -4.35561e-10 2.66228e-06 -6.67874e-06 
0.133619 3968.31 8.16594e-05 7.50513e-05 0.000348348 -5.5541e-09 -4.30176e-06 -1.10196e-05 
0.134067 3949.83 -0.000323018 -0.000252806 -0.000190726 -3.06437e-10 3.7292e-06 2.50158e-05 
0.134515 3931.08 0.000104719 0.000303998 -2.49297e-05 -3.28512e-10 -1.15703e-06 -3.03238e-05 
0.134963 3912.08 0.000113625 -0.000196768 0.000224508 -5.95147e-09 -2.07709e-06 2.53096e-05 
0.135411 3892.83 -0.000310732 -8.53273e-06 -0.000346788 -8.88856e-10 4.32441e-06 -1.19254e-05 
0.135859 3873.34 8.99261e-05 0.00021133 0.000363499 -1.53753e-10 -4.31959e-06 -5.31364e-06 
0.136308 3853.62 0.00014563 -0.000300604 -0.00027832 -6.23979e-09 2.04785e-06 2.10457e-05 
0.136756 3833.68 -0.000294391 0.000235087 0.000123554 -1.37504e-09 1.37853e-06 -3.07856e-05 
0.137204 3813.52 7.70356e-05 -4.3388e-05 5.66173e-05 5.7074e-11 -4.13962e-06 3.2117e-05 
0.137652 3793.15 0.00017699 -0.000167883 -0.00021611 -6.46844e-09 4.7727e-06 -2.51017e-05 
0.1381 3772.57 -0.000274865 0.000291737 0.000321333 -1.83655e-09 -2.88733e-06 1.19429e-05 
0.138548 3751.81 6.52331e-05 -0.000256739 -0.000353656 1.81627e-10 -5.69035e-07 3.87015e-06 
0.138996 3730.85 0.000206563 8.67595e-05 0.000313627 -6.67417e-09 3.77547e-06 -1.85858e-05 
0.139445 3709.71 -0.00025303 0.000132021 -0.000214703 -2.27342e-09 -5.02372e-06 2.90941e-05 
0.139893 3688.4 5.40379e-05 -0.000275661 8.10127e-05 2.32694e-10 3.60424e-06 -3.35253e-05 
0.140341 3666.93 0.000233355 0.000271234 6.17365e-05 -6.81259e-09 -2.42055e-07 3.14545e-05 
0.140789 3645.3 -0.000229409 -0.000115948 -0.000188638 -2.66316e-09 -3.28404e-06 -2.37587e-05 
0.141237 3623.51 4.31476e-05 -9.95564e-05 0.000282108 2.8606e-10 5.06756e-06 1.22367e-05 
0.141685 3601.59 0.000257097 0.000261424 -0.000330998 -6.81666e-09 -4.11909e-06 8.73775e-07 
0.142133 3579.53 -0.000204588 -0.000274697 0.000333459 -2.91569e-09 9.55784e-07 -1.33653e-05 
0.142581 3557.34 3.22374e-05 0.000137626 -0.000293149 4.52018e-10 2.73574e-06 2.34309e-05 
0.14303 3535.02 0.000276766 7.7696e-05 0.000219835 -6.63163e-09 -4.91617e-06 -2.98813e-05 
0.143478 3512.6 -0.000179041 -0.000244791 -0.0001248 -2.97034e-09 4.40846e-06 3.22143e-05 
0.143926 3490.09 2.10818e-05 0.000274634 2.12015e-05 7.32767e-10 -1.4896e-06 -3.05678e-05 
0.144374 3467.49 0.000291669 -0.000146174 7.99748e-05 -6.20056e-09 -2.20175e-06 2.55743e-05 
0.144822 3444.83 -0.000152795 -6.13546e-05 -0.000168796 -2.76682e-09 4.63778e-06 -1.81741e-05 
0.14527 3422.12 9.34034e-06 0.000233684 0.000239168 1.1806e-09 -4.46961e-06 9.43081e-06 
0.145718 3399.38 0.000302523 -0.00026693 -0.000286804 -5.48636e-09 1.82696e-06 -3.76421e-07 
0.146167 3376.62 -0.000126517 0.000148266 0.000311146 -2.39513e-09 1.77699e-06 -8.10423e-06 
0.146615 3353.86 -2.89838e-06 5.70966e-05 -0.000312796 1.72164e-09 -4.30781e-06 1.53446e-05 
0.147063 3331.1 0.000309417 -0.000223706 0.000294913 -4.65856e-09 4.36482e-06 -2.09193e-05 
0.147511 3308.38 -0.000100812 0.000259324 -0.000260652 -1.97277e-09 -1.95131e-06 2.46322e-05 
0.147959 3285.7 -1.53935e-05 -0.000139408 0.000214599 2.25917e-09 -1.49469e-06 -2.6487e-05 
0.148407 3263.07 0.000312098 -5.8484e-05 -0.000160443 -3.87906e-09 3.99423e-06 2.66407e-05 
0.148855 3240.52 -7.53962e-05 0.000221143 0.000102461 -1.5942e-09 -4.12204e-06 -2.535e-05 
0.149303 3218.05 -2.83841e-05 -0.000246874 -4.35089e-05 2.6623e-09 1.89807e-06 2.29239e-05 
0.149752 3195.68 0.000311382 0.000126675 -1.32963e-05 -3.17775e-09 1.35512e-06 -1.96858e-05 
0.1502 3173.42 -5.05375e-05 7.02808e-05 6.63504e-05 -1.33212e-09 -3.7004e-06 1.59481e-05 
0.150648 3151.29 -4.17765e-05 -0.000219282 -0.000113833 2.88479e-09 3.82816e-06 -1.19866e-05 
0.151096 3129.3 0.000307563 0.000235469 0.000155308 -2.58872e-09 -1.6896e-06 8.02838e-06 
0.151544 3107.47 -2.69696e-05 -0.000105147 -0.000189987 -1.23065e-09 -1.35181e-06 -4.24837e-06 
0.151992 3085.81 -5.50646e-05 -8.52411e-05 0.000218272 2.96065e-09 3.46863e-06 7.71661e-07 
0.15244 3064.33 0.000300399 0.000222755 -0.000240095 -2.1352e-09 -3.44561e-06 2.32182e-06 
0.152889 3043.04 -4.39052e-06 -0.000218109 0.000256338 -1.21209e-09 1.36955e-06 -4.99128e-06 
0.153337 3021.97 -6.8358e-05 8.08187e-05 -0.000267248 2.90862e-09 1.43672e-06 7.22697e-06 
0.153785 3001.11 0.00029074 0.000107225 0.000273838 -1.78449e-09 -3.2681e-06 -9.04211e-06 
0.154233 2980.49 1.7052e-05 -0.000222981 -0.000276519 -1.25801e-09 3.01909e-06 1.04674e-05 
0.154681 2960.12 -8.13887e-05 0.000199611 0.000276301 2.75473e-09 -9.62923e-07 -1.15431e-05 
0.155129 2940.02 0.000279081 -4.86029e-05 -0.000273604 -1.46004e-09 -1.61225e-06 1.23134e-05 
0.155577 2920.18 3.63808e-05 -0.000128478 0.000269173 -1.33727e-09 3.05021e-06 -1.28229e-05 
0.156026 2900.63 -9.28509e-05 0.000223577 -0.000263495 2.59863e-09 -2.53515e-06 1.31156e-05 
0.156474 2881.38 0.00026462 -0.000172607 0.000256967 -1.12265e-09 4.64077e-07 -1.32338e-05 
0.156922 2862.42 5.39879e-05 1.44353e-05 -0.00025038 -1.36874e-09 1.77991e-06 1.32141e-05 
0.15737 2843.76 -0.000102424 0.000152432 0.000243398 2.44533e-09 -2.79192e-06 -1.30876e-05 
0.157818 2825.4 0.000247558 -0.000216144 -0.000237448 -7.83509e-10 1.98091e-06 1.28793e-05 
0.158266 2807.33 7.05955e-05 0.000141238 0.000230968 -1.35926e-09 5.34112e-08 -1.26123e-05 
0.158714 2789.56 -0.000110657 2.60729e-05 -0.000226842 2.29339e-09 -1.92599e-06 1.23045e-05 
0.159162 2772.09 0.000228545 -0.000171204 0.000221356 -3.882e-10 2.48015e-06 -1.19682e-05 
0.159611 2754.91 8.56807e-05 0.000204204 -0.000219882 -1.3018e-09 -1.37642e-06 1.16108e-05 
0.160059 2738.03 -0.000117163 -0.000100308 0.000215258 2.19551e-09 -5.63613e-07 -1.12349e-05 
0.160507 2721.44 0.000207204 -6.55696e-05 -0.000216899 4.10754e-11 2.04249e-06 1.08468e-05 
0.160955 2705.15 0.000100259 0.000187715 0.000212785 -1.20729e-09 -2.09031e-06 -1.04406e-05 
0.161403 2689.15 -0.000122465 -0.00018106 -0.000217716 2.10791e-09 7.44544e-07 1.00203e-05 
0.161851 2673.45 0.000184357 5.60885e-05 0.000213615 4.35052e-10 1.06245e-06 -9.5691e-06 
0.162299 2658.04 0.000114812 0.000106944 -0.000221296 -1.12957e-09 -2.06567e-06 9.09313e-06 
0.162748 2642.92 -0.000128228 -0.000193737 0.000216964 1.96998e-09 1.63159e-06 -8.57399e-06 
0.163196 2628.1 0.000162 0.000151208 -0.000226179 7.6319e-10 -8.81271e-08 8.01417e-06 
0.163644 2613.57 0.000127385 -4.65418e-06 0.000221792 -1.11702e-09 -1.49139e-06 -7.39758e-06 
0.164092 2599.34 -0.000132818 -0.000141332 -0.000230407 1.76317e-09 1.98313e-06 6.71671e-06 
0.16454 2585.4 0.000140252 0.000191922 0.000226252 9.77735e-10 -1.09201e-06 -5.97296e-06 
0.164988 2571.75 0.000137578 -0.000108911 -0.000231919 -1.21579e-09 -5.63918e-07 5.1416e-06 
0.165436 2558.4 -0.000135093 -4.57755e-05 0.000227984 1.41994e-09 1.81158e-06 -4.25198e-06 
0.165884 2545.33 0.000117524 0.000170144 -0.000228724 1.00629e-09 -1.76345e-06 3.24599e-06 
0.166333 2532.56 0.000146564 -0.000174368 0.000223834 -1.46467e-09 4.649e-07 -2.20276e-06 
0.166781 2520.09 -0.000136293 6.06744e-05 -0.000218669 9.64068e-10 1.156e-06 1.02811e-06 
0.167229 2507.9 9.5224e-05 9.64359e-05 0.000210836 9.56955e-10 -1.96656e-06 1.66833e-07 
0.167677 2496.01 0.000153993 -0.000183745 -0.000199581 -1.70578e-09 1.38164e-06 -1.45609e-06 
0.168125 2484.41 -0.00013564 0.000145298 0.000186606 5.34582e-10 1.85025e-07 2.79223e-06 
0.168573 2473.1 7.3161e-05 -3.93712e-06 -0.000169168 8.61049e-10 -1.63338e-06 -4.09998e-06 
0.169021 2462.09 0.000159494 -0.000137042 0.000149899 -1.99364e-09 1.93352e-06 5.50073e-06 
0.16947 2451.37 -0.000133038 0.000183712 -0.000126249 2.74347e-11 -8.61981e-07 -6.75471e-06 
0.169918 2440.94 5.04846e-05 -9.94694e-05 0.000100792 6.74879e-10 -8.24943e-07 8.0298e-06 
0.170366 2430.81 0.000164803 -5.10783e-05 -7.13455e-05 -2.2954e-09 1.94217e-06 -9.17534e-06 
0.170814 2420.96 -0.000130411 0.000166706 4.10528e-05 -4.83043e-10 -1.68382e-06 1.0096e-05 
0.171262 2411.4 3.03218e-05 -0.000162651 -7.58329e-06 4.50553e-10 2.34626e-07 -1.09899e-05 
0.17171 2402.11 0.000167016 4.60791e-05 -2.5168e-05 -2.57274e-09 1.37798e-06 1.14484e-05 
0.172158 2393.08 -0.000126189 0.00010458 5.95433e-05 -9.30213e-10 -2.02543e-06 -1.18153e-05 
0.172606 2384.3 1.21284e-05 -0.000176484 -9.11643e-05 2.91385e-10 1.2356e-06 1.1782e-05 
0.173055 2375.77 0.000165118 0.00012374 0.000122221 -2.72129e-09 4.22158e-07 -1.14088e-05 
0.173503 2367.47 -0.000116963 1.64818e-05 -0.000148228 -1.27854e-09 -1.78306e-06 1.07978e-05 
0.173951 2359.39 -8.39592e-06 -0.000140082 0.000171191 1.82848e-10 1.87905e-06 -9.67834e-06 
0.174399 2351.53 0.000164252 0.000166855 -0.000186755 -2.79573e-09 -6.38298e-07 8.37932e-06 
0.174847 2343.87 -0.000108101 -7.221e-05 0.000196917 -1.54388e-09 -1.04903e-06 -6.64198e-06 
0.175295 2336.4 -2.86586e-05 -7.40689e-05 -0.000198055 1.35165e-10 1.98567e-06 4.71339e-06 
0.175743 2329.12 0.000163955 0.000166433 0.00019221 -2.79274e-09 -1.50183e-06 -2.55194e-06 
0.176192 2322.02 -0.000100963 -0.000132491 -0.000176616 -1.74609e-09 -5.03994e-08 2.43249e-07 
0.17664 2315.08 -4.37142e-05 7.3573e-06 0.000154039 1.06488e-10 1.55274e-06 2.05003e-06 
0.177088 2308.3 0.000159392 0.000122188 -0.000122557 -2.73671e-09 -1.9387e-06 -4.34228e-06 
0.177536 2301.67 -9.00634e-05 -0.000161533 8.61361e-05 -1.88722e-09 9.32341e-07 6.38438e-06 
0.177984 2295.17 -5.99965e-05 8.39566e-05 -4.3399e-05 1.24761e-10 7.2883e-07 -8.19245e-06 
0.178432 2288.8 0.000153483 5.70696e-05 -3.82312e-07 -2.61267e-09 -1.86005e-06 9.5636e-06 
0.17888 2282.55 -7.79971e-05 -0.000150229 4.59683e-05 -1.95026e-09 1.63542e-06 -1.04581e-05 
0.179329 2276.42 -7.73009e-05 0.000135773 -8.75838e-05 2.04776e-10 -2.43698e-07 1.0795e-05 
0.179777 2270.38 0.000150713 -2.14187e-05 0.000125325 -2.40059e-09 -1.3086e-06 -1.05156e-05 
0.180225 2264.43 -6.81633e-05 -0.000108308 -0.000154068 -1.91403e-09 1.90017e-06 9.63726e-06 
0.180673 2258.56 -8.93823e-05 0.000158604 0.000173784 3.52562e-10 -1.10807e-06 -8.17785e-06 
0.181121 2252.77 0.000144108 -8.75331e-05 -0.000180453 -2.09955e-09 -4.63371e-07 6.19576e-06 
0.181569 2247.04 -5.74444e-05 -4.3397e-05 0.000175608 -1.78107e-09 1.6833e-06 -3.86247e-06 
0.182017 2241.36 -0.000101324 0.000144296 -0.00015653 5.72291e-10 -1.65953e-06 1.24668e-06 
0.182465 2235.73 0.000135353 -0.00013664 0.000126594 -1.71824e-09 4.39956e-07 1.4119e-06 
0.182914 2230.13 -4.41215e-05 2.67928e-05 -8.55176e-05 -1.55557e-09 1.08072e-06 -3.93386e-06 
0.183362 2224.56 -0.00011346 0.000102959 3.85814e-05 8.50791e-10 -1.78383e-06 6.15459e-06 
0.18381 2219 0.000130298 -0.00015143 1.31471e-05 -1.27688e-09 1.17332e-06 -7.86543e-06 
0.184258 2213.45 -3.41292e-05 9.09205e-05 -6.25433e-05 -1.26228e-09 2.74239e-07 8.91952e-06 
0.184706 2207.9 -0.000121179 4.07021e-05 0.000107778 1.15688e-09 -1.4888e-06 -9.24872e-06 
0.185154 2202.34 0.000120748 -0.000138686 -0.00014253 -7.96679e-10 1.58006e-06 8.78204e-06 
0.185602 2196.75 -2.4033e-05 0.000131134 0.000164917 -9.38744e-10 -5.21758e-07 -7.57737e-06 
0.186051 2191.13 -0.000126748 -2.55925e-05 -0.00017081 1.44974e-09 -8.93719e-07 5.70831e-06 
0.186499 2185.48 0.000108958 -9.58808e-05 0.000161172 -3.15203e-10 1.60373e-06 -3.39618e-06 
0.186947 2179.79 -9.93081e-06 0.000146894 -0.000134231 -6.15017e-10 -1.11401e-06 7.7968e-07 
0.187395 2174.05 -0.000133369 -8.16417e-05 9.49362e-05 1.69066e-09 -1.75179e-07 1.79696e-06 
0.187843 2168.27 0.000100459 -4.04633e-05 -4.47493e-05 1.0232e-10 1.28726e-06 -4.14238e-06 
0.188291 2162.45 -6.73421e-07 0.000130872 -8.98741e-06 -3.49318e-10 -1.40706e-06 5.98944e-06 
0.188739 2156.58 -0.000136048 -0.000120615 6.23719e-05 1.8472e-09 4.78216e-07 -7.13135e-06 
0.189187 2150.66 8.88072e-05 1.84254e-05 -0.000107446 4.46433e-10 7.64829e-07 7.48573e-06 
0.189636 2144.69 8.5208e-06 9.71745e-05 0.000140795 -1.50156e-10 -1.3878e-06 -6.97884e-06 
0.190084 2138.67 -0.000134896 -0.000132707 -0.000156352 1.91888e-09 9.43586e-07 5.70416e-06 
0.190532 2132.6 7.40179e-05 7.04343e-05 0.000153834 7.23019e-10 1.90898e-07 -3.80906e-06 
0.19098 2126.47 2.2425e-05 4.89082e-05 -0.000131417 -1.55281e-11 -1.12948e-06 1.52101e-06 
0.191428 2120.29 -0.00013733 -0.00012643 9.34482e-05 1.91423e-09 1.1672e-06 8.58546e-07 
0.191876 2114.05 6.30392e-05 0.000105031 -4.28977e-05 9.25772e-10 -3.17558e-07 -3.03235e-06 
0.192324 2107.75 3.18145e-05 -3.3656e-06 -1.21704e-05 5.06604e-11 -7.35521e-07 4.73452e-06 
0.192773 2101.38 -0.000136754 -9.91574e-05 6.59643e-05 1.83449e-09 1.1766e-06 -5.70697e-06 
0.193221 2094.96 5.15918e-05 0.000125487 -0.000109465 1.05835e-09 -6.90264e-07 5.87814e-06 
0.193669 2088.47 3.93723e-05 -4.95927e-05 0.00013815 6.54306e-11 -3.05342e-07 -5.17763e-06 
0.194117 2081.92 -0.000131806 -5.92298e-05 -0.000145982 1.70553e-09 1.02661e-06 3.76807e-06 
0.194565 2075.3 3.5951e-05 0.00012416 0.000133283 1.14411e-09 -9.14258e-07 -1.81794e-06 
0.195013 2068.62 5.18534e-05 -8.94819e-05 -9.98407e-05 4.11205e-11 9.09171e-08 -3.31064e-07 
0.195461 2061.86 -0.000129896 -1.49997e-05 5.22129e-05 1.53743e-09 7.77081e-07 2.38798e-06 
0.195909 2055.03 2.55387e-05 0.000105598 4.18732e-06 1.18159e-09 -1.00251e-06 -3.99107e-06 
0.196358 2048.13 6.20731e-05 -0.0001119 -5.90136e-05 -1.83936e-11 4.25013e-07 4.91888e-06 
0.196806 2041.15 -0.000127699 3.20304e-05 0.000105118 1.33707e-09 4.78526e-07 -4.98841e-06 
0.197254 2034.1 1.33987e-05 7.61798e-05 -0.000133398 1.18102e-09 -9.80009e-07 4.22054e-06 
0.197702 2026.97 6.28218e-05 -0.000118046 0.000140401 -9.9517e-11 6.79781e-07 -2.71469e-06 
0.19815 2019.76 -0.000125374 6.98747e-05 -0.000123222 1.12061e-09 1.56374e-07 7.49483e-07 
0.198598 2012.47 -3.07199e-06 3.58113e-05 8.57424e-05 1.15367e-09 -8.61527e-07 1.34407e-06 
0.199046 2005.1 7.54662e-05 -0.000111877 -3.27525e-05 -2.00287e-10 8.54804e-07 -3.19495e-06 
0.199495 1997.64 -0.000109923 9.72453e-05 -2.5335e-05 8.954e-10 -1.66284e-07 4.45197e-06 
0.199943 1990.1 1.59098e-06 -5.45426e-06 7.97499e-05 1.0981e-09 -6.57522e-07 -4.90433e-06 
0.200391 1982.48 9.50769e-05 -8.95377e-05 -0.000119259 -3.08654e-10 9.40992e-07 4.42731e-06 
0.200839 1974.77 -0.000104193 0.000115599 0.000137912 6.64396e-10 -4.65679e-07 -3.12504e-06 
0.201287 1966.96 -2.08075e-05 -4.45235e-05 -0.000130485 1.02226e-09 -3.84883e-07 1.2124e-06 
0.201735 1959.07 7.01175e-05 -5.72738e-05 9.9663e-05 -4.0691e-10 9.22015e-07 9.48071e-07 
0.202183 1951.09 -0.000123161 0.00011699 -4.935e-05 4.39043e-10 -7.09998e-07 -2.92518e-06 
0.202632 1943.02 -4.77375e-05 -8.13298e-05 -9.51374e-06 9.42932e-10 -6.84241e-08 4.36708e-06 
0.20308 1934.85 7.8702e-05 -1.88756e-05 6.71235e-05 -4.95778e-10 7.90841e-07 -4.93174e-06 
0.203528 1926.58 -9.31205e-05 0.000102343 -0.00011051 2.21689e-10 -8.7133e-07 4.5539e-06 
0.203976 1918.23 -2.80713e-05 -0.000104366 0.000132524 8.57457e-10 2.49538e-07 -3.23733e-06 
0.204424 1909.8 0.000105254 2.44118e-05 -0.000127318 -5.5865e-10 5.68387e-07 1.28813e-06 
0.204872 1901.28 -7.24283e-05 7.62466e-05 9.71072e-05 3.72198e-11 -9.19138e-07 9.20473e-07 
0.20532 1892.7 -2.81159e-05 -0.00011 -4.6696e-05 7.77322e-10 5.26228e-07 -2.94385e-06 
0.205768 1884.05 0.000106753 6.02489e-05 -1.21879e-05 -5.99816e-10 2.85886e-07 4.33133e-06 
0.206217 1875.33 -5.9973e-05 4.04227e-05 6.8288e-05 -1.31191e-10 -8.54604e-07 -4.83458e-06 
0.206665 1866.57 -4.12297e-05 -0.000103635 -0.000108536 6.99033e-10 7.31187e-07 4.27306e-06 
0.207113 1857.75 9.08906e-05 8.23665e-05 0.000125458 -6.24801e-10 -1.49756e-08 -2.83612e-06 
0.207561 1848.89 -7.22791e-05 4.22914e-06 -0.000114151 -2.79601e-10 -7.02816e-07 7.80326e-07 
0.208009 1839.99 -7.21054e-05 -8.63961e-05 7.83121e-05 6.25972e-10 8.42268e-07 1.41471e-06 
0.208457 1831.05 7.35608e-05 9.62078e-05 -2.47889e-05 -6.32394e-10 -2.89122e-07 -3.27468e-06 
0.208905 1822.09 -7.25933e-05 -2.55466e-05 -3.28342e-05 -4.13021e-10 -4.81583e-07 4.39299e-06 
0.209354 1813.11 -8.33889e-05 -6.19058e-05 8.25526e-05 5.52359e-10 8.50746e-07 -4.47425e-06 
0.209802 1804.11 6.38799e-05 0.00010183 -0.000111685 -6.28261e-10 -5.2348e-07 3.55383e-06 
0.21025 1795.09 -6.26959e-05 -5.28908e-05 0.000114591 -5.35084e-10 -2.20365e-07 -1.80057e-06 
0.210698 1786.07 -8.324e-05 -3.53324e-05 -8.93618e-05 4.8821e-10 7.82827e-07 -3.32154e-07 
0.211146 1777.05 7.49935e-05 9.60581e-05 4.32959e-05 -6.13015e-10 -6.93916e-07 2.38142e-06 
0.211594 1768.04 -3.40749e-05 -7.67866e-05 1.32482e-05 -6.41243e-10 3.63968e-08 -3.83073e-06 
0.212042 1759.03 -7.34895e-05 -6.03012e-06 -6.52666e-05 4.32556e-10 6.38853e-07 4.3192e-06 
0.21249 1750.04 8.66334e-05 8.19237e-05 0.00010089 -5.89593e-10 -7.86153e-07 -3.75218e-06 
0.212939 1741.07 -7.83076e-06 -9.00226e-05 -0.000109977 -7.3207e-10 2.83606e-07 2.25892e-06 
0.213387 1732.12 -5.88209e-05 2.50722e-05 9.12991e-05 3.79122e-10 4.44409e-07 -2.19942e-07 
0.213835 1723.2 9.7742e-05 6.20704e-05 -4.84965e-05 -5.5879e-10 -8.06113e-07 -1.86786e-06 
0.214283 1714.32 1.30975e-05 -9.25003e-05 -6.18695e-06 -8.0643e-10 4.94783e-07 3.45637e-06 
0.214731 1705.48 -5.69162e-05 5.03722e-05 5.96333e-05 3.32461e-10 2.17476e-07 -4.13209e-06 
0.215179 1696.69 9.77719e-05 3.7394e-05 -9.62798e-05 -5.22377e-10 -7.48613e-07 3.73318e-06 
0.215627 1687.94 2.74996e-05 -8.96925e-05 0.000107453 -8.68131e-10 6.58546e-07 -2.3625e-06 
0.216076 1679.25 -6.10158e-05 6.77559e-05 -8.89878e-05 2.89676e-10 -2.50762e-08 3.81491e-07 
0.216524 1670.62 8.78434e-05 1.11345e-05 4.67099e-05 -4.77891e-10 -6.24252e-07 1.70246e-06 
0.216972 1662.05 2.75473e-05 -8.16359e-05 9.12717e-06 -9.0617e-10 7.53341e-07 -3.29818e-06 
0.21742 1653.56 -7.08929e-05 8.25259e-05 -6.19571e-05 2.60592e-10 -2.60641e-07 3.99181e-06 
0.217868 1645.14 7.36838e-05 -1.43607e-05 9.77101e-05 -4.20253e-10 -4.37103e-07 -3.59766e-06 
0.218316 1636.8 2.4779e-05 -6.49502e-05 -0.000105444 -9.2168e-10 7.73945e-07 2.2258e-06 
0.218764 1628.54 -8.63183e-05 9.2948e-05 8.38957e-05 2.40549e-10 -4.67598e-07 -2.49437e-07 
0.219212 1620.37 5.48736e-05 -3.95215e-05 -3.78888e-05 -3.53996e-10 -2.17995e-07 -1.77502e-06 
0.219661 1612.3 2.16658e-05 -4.20724e-05 -1.84296e-05 -9.16789e-10 7.13723e-07 3.27481e-06 
0.220109 1604.32 -9.78009e-05 9.27371e-05 6.97024e-05 2.26954e-10 -6.17438e-07 -3.83738e-06 
0.220557 1596.45 3.7125e-05 -6.29707e-05 -9.99921e-05 -2.88046e-10 1.61313e-08 3.30787e-06 
0.221005 1588.68 1.6803e-05 -1.6665e-05 0.000101449 -9.0097e-10 5.86308e-07 -1.83897e-06 
0.221453 1581.03 -0.000104982 8.16049e-05 -7.24841e-05 2.09917e-10 -6.95818e-07 -1.13872e-07 
0.221901 1573.49 2.43705e-05 -7.85295e-05 2.28956e-05 -2.26071e-10 2.34061e-07 1.9959e-06 
0.222349 1566.07 1.61561e-05 9.28071e-06 3.33328e-05 -8.68375e-10 4.09849e-07 -3.25186e-06 
0.222798 1558.77 -0.000108668 6.54054e-05 -7.84536e-05 1.91757e-10 -6.96115e-07 3.53835e-06 
0.223246 1551.58 1.42384e-05 -8.34681e-05 9.97083e-05 -1.56573e-10 4.07608e-07 -2.75711e-06 
0.223694 1544.51 2.07467e-05 3.30217e-05 -8.9917e-05 -8.12354e-10 2.10182e-07 1.18078e-06 
0.224142 1537.54 -0.000105597 4.7135e-05 5.33165e-05 1.83043e-10 -6.28851e-07 6.74302e-07 
0.22459 1530.69 7.16189e-06 -8.20082e-05 -3.71404e-07 -7.02318e-11 5.16211e-07 -2.26237e-06 
0.225038 1523.95 2.6651e-05 5.17595e-05 -5.12558e-05 -7.36698e-10 1.68979e-08 3.1149e-06 
0.225486 1517.31 -9.68153e-05 2.53611e-05 8.59966e-05 1.85551e-10 -5.10431e-07 -2.97057e-06 
0.225935 1510.78 4.42013e-06 -7.6402e-05 -9.21888e-05 2.17709e-11 5.64189e-07 1.89743e-06 
0.226383 1504.35 3.46309e-05 6.37642e-05 6.93326e-05 -6.48208e-10 -1.46252e-07 -2.87724e-07 
0.226831 1498.02 -8.59687e-05 2.50081e-06 -2.41411e-05 1.93753e-10 -3.71285e-07 -1.33757e-06 
0.227279 1491.8 4.06139e-06 -6.56746e-05 -2.73354e-05 1.18193e-10 5.58312e-07 2.47699e-06 
0.227727 1485.67 4.56891e-05 7.05709e-05 6.90961e-05 -5.46702e-10 -2.69089e-07 -2.74568e-06 
0.228175 1479.64 -7.35107e-05 -1.65916e-05 -8.65311e-05 2.01291e-10 -2.34621e-07 2.10471e-06 
0.228623 1473.71 3.83372e-06 -4.98767e-05 7.497e-05 2.16215e-10 5.13977e-07 -7.87451e-07 
0.229071 1467.87 5.71091e-05 7.31675e-05 -3.77031e-05 -4.43156e-10 -3.48393e-07 -7.26809e-07 
0.22952 1462.13 -5.87029e-05 -3.06454e-05 -1.13299e-05 2.09635e-10 -1.08671e-07 1.92382e-06 
0.229968 1456.48 3.69974e-06 -3.3366e-05 5.58244e-05 3.13769e-10 4.51243e-07 -2.41866e-06 
0.230416 1450.92 6.71409e-05 7.12854e-05 -7.93573e-05 -3.42093e-10 -3.93628e-07 2.04137e-06 
0.230864 1445.44 -4.36078e-05 -4.24108e-05 7.49748e-05 2.17359e-10 -3.70428e-09 -9.52291e-07 
0.231312 1440.06 4.09171e-06 -1.93276e-05 -4.36864e-05 4.07775e-10 3.79782e-07 -4.42786e-07 
0.23176 1434.75 7.61609e-05 6.58993e-05 -2.26825e-06 -2.38429e-10 -4.16374e-07 1.62574e-06 
0.232208 1429.54 -3.03192e-05 -5.32138e-05 4.72213e-05 2.26782e-10 8.55625e-08 -2.17672e-06 
0.232657 1424.41 4.24747e-06 -5.75165e-06 -7.42733e-05 5.01477e-10 3.0926e-07 1.91733e-06 
0.233105 1419.35 8.44393e-05 5.84568e-05 7.44694e-05 -1.30394e-10 -4.2862e-07 -9.3558e-07 
0.233553 1414.38 -1.83454e-05 -6.08957e-05 -4.66701e-05 2.49732e-10 1.62357e-07 -3.67862e-07 
0.234001 1409.49 2.7662e-06 9.19191e-06 1.86541e-06 6.07109e-10 2.41342e-07 1.52731e-06 
0.234449 1404.68 9.13257e-05 5.02999e-05 4.40429e-05 -1.30224e-11 -4.28993e-07 -2.09955e-06 
0.234897 1399.94 -7.25629e-06 -6.45515e-05 -7.27571e-05 2.84101e-10 2.35809e-07 1.85424e-06 
0.235345 1395.27 -8.20014e-08 2.45305e-05 7.42836e-05 7.15524e-10 1.6923e-07 -8.97737e-07 
0.235793 1390.68 9.58913e-05 4.03796e-05 -4.73161e-05 1.11341e-10 -4.20274e-07 -4.15476e-07 
0.236242 1386.16 2.6885e-06 -6.58548e-05 2.99604e-06 3.29481e-10 3.03756e-07 1.56564e-06 
0.23669 1381.71 -3.24882e-06 3.79796e-05 4.28816e-05 8.26425e-10 8.60126e-08 -2.11903e-06 
0.237138 1377.33 9.81009e-05 2.71907e-05 -7.23127e-05 2.36902e-10 -3.97607e-07 1.86178e-06 
0.237586 1373.02 1.07795e-05 -6.57184e-05 7.48974e-05 3.83299e-10 3.65095e-07 -8.67776e-07 
0.238034 1368.77 -6.48014e-06 4.88299e-05 -4.84996e-05 9.36223e-10 -7.68467e-09 -4.65575e-07 
0.238482 1364.59 9.84297e-05 1.14494e-05 3.50544e-06 3.62194e-10 -3.56628e-07 1.64498e-06 
0.23893 1360.47 1.69167e-05 -6.23311e-05 4.38652e-05 4.45105e-10 4.12124e-07 -2.1889e-06 
0.239379 1356.42 -1.01849e-05 5.81053e-05 -7.41252e-05 1.03946e-09 -1.08782e-07 1.89011e-06 
0.239827 1352.42 9.75065e-05 -4.51118e-06 7.57605e-05 4.85966e-10 -2.93296e-07 -8.54403e-07 
0.240275 1348.49 2.1533e-05 -5.3767e-05 -4.71954e-05 5.08507e-10 4.3907e-07 -5.30258e-07 
0.240723 1344.61 -1.41898e-05 6.53894e-05 7.07701e-07 1.13326e-09 -2.06824e-07 1.70669e-06 
0.241171 1340.79 9.50082e-05 -1.93432e-05 4.60216e-05 6.04679e-10 -2.05816e-07 -2.22841e-06 
0.241619 1337.03 2.531e-05 -4.08599e-05 -7.37781e-05 5.72426e-10 4.39329e-07 1.87748e-06 
0.242067 1333.32 -1.83278e-05 6.84939e-05 7.27054e-05 1.21484e-09 -2.92483e-07 -7.94343e-07 
0.242516 1329.67 9.06633e-05 -3.2836e-05 -4.30538e-05 7.13696e-10 -1.05072e-07 -5.90533e-07 
0.242964 1326.06 2.85066e-05 -2.63959e-05 -2.08128e-06 6.34853e-10 4.05463e-07 1.73525e-06 
0.243412 1322.51 -2.20746e-05 6.58495e-05 4.6264e-05 1.27468e-09 -3.55547e-07 -2.18555e-06 
0.24386 1319 8.46464e-05 -4.45583e-05 -7.20135e-05 8.08438e-10 -1.22243e-09 1.76489e-06 
0.244308 1315.53 3.10656e-05 -1.23324e-05 6.96104e-05 6.90085e-10 3.44804e-07 -6.65683e-07 
0.244756 1312.11 -2.50221e-05 5.84577e-05 -3.77655e-05 1.31945e-09 -3.88097e-07 -6.8405e-07 
0.245204 1308.73 7.72255e-05 -5.29756e-05 -9.39129e-06 8.99387e-10 9.69309e-08 1.72945e-06 
0.245652 1305.39 3.30073e-05 1.29815e-06 5.125e-05 7.41948e-10 2.6833e-07 -2.05376e-06 
0.246101 1302.08 -2.73838e-05 4.88973e-05 -6.94674e-05 1.35234e-09 -3.95377e-07 1.5502e-06 
0.246549 1298.81 6.89548e-05 -5.63707e-05 5.94204e-05 9.81754e-10 1.7589e-07 -4.27549e-07 
0.246997 1295.57 3.4482e-05 1.41386e-05 -2.53453e-05 7.89851e-10 1.84936e-07 -8.23633e-07 
0.247445 1292.36 -2.93198e-05 3.91229e-05 -1.82704e-05 1.37443e-09 -3.76974e-07 1.704e-06 
0.247893 1289.19 6.02828e-05 -5.53907e-05 5.32686e-05 1.05854e-09 2.3549e-07 -1.8482e-06 
0.248341 1286.03 3.56911e-05 2.50016e-05 -6.33842e-05 8.35719e-10 1.04108e-07 1.2189e-06 
0.248789 1282.9 -3.09208e-05 2.93496e-05 4.69362e-05 1.39006e-09 -3.38871e-07 -1.10556e-07 
0.249238 1279.8 5.14606e-05 -5.23782e-05 -1.15862e-05 1.13606e-09 2.72296e-07 -1.00568e-06 
0.249686 1276.71 3.68333e-05 3.25231e-05 -2.75367e-05 8.86016e-10 2.92977e-08 1.64753e-06 
0.250134 1273.64 -3.22171e-05 1.93558e-05 5.45663e-05 1.41067e-09 -2.9254e-07 -1.56476e-06 
0.250582 1270.59 4.25162e-05 -4.90232e-05 -5.62573e-05 1.21722e-09 2.89228e-07 8.1127e-07 
0.25103 1267.55 3.81601e-05 3.67485e-05 3.35299e-05 9.35447e-10 -3.16461e-08 2.72437e-07 
0.251478 1264.53 -3.33609e-05 9.58813e-06 3.76485e-06 1.42161e-09 -2.43955e-07 -1.18514e-06 
0.251926 1261.52 3.3709e-05 -4.56448e-05 -3.90303e-05 1.28625e-09 2.93593e-07 1.54745e-06 
0.252374 1258.51 3.96537e-05 3.95487e-05 5.65495e-05 9.78359e-10 -7.86458e-08 -1.20639e-06 
0.252823 1255.51 -3.40341e-05 1.20223e-06 -4.63562e-05 1.43131e-09 -1.97997e-07 3.33259e-07 
0.253271 1252.51 2.49748e-05 -4.12793e-05 1.50755e-05 1.36136e-09 2.90676e-07 6.61698e-07 
0.253719 1249.52 4.13051e-05 4.23117e-05 2.27856e-05 1.03037e-09 -1.19104e-07 -1.33091e-06 
0.254167 1246.53 -3.43154e-05 -5.41689e-06 -4.92998e-05 1.4478e-09 -1.5681e-07 1.36499e-06 
0.254615 1243.53 1.66554e-05 -3.58276e-05 5.23155e-05 1.43336e-09 2.85406e-07 -7.70384e-07 
0.255063 1240.53 4.28766e-05 4.54008e-05 -2.96614e-05 1.07359e-09 -1.54261e-07 -1.74564e-07 
0.255511 1237.53 -3.41878e-05 -1.12799e-05 -5.65974e-06 1.45371e-09 -1.15699e-07 1.01932e-06 
0.25596 1234.52 8.82167e-06 -3.01519e-05 3.8134e-05 1.4918e-09 2.7754e-07 -1.37536e-06 
0.256408 1231.49 4.45225e-05 4.77928e-05 -5.26547e-05 1.10931e-09 -1.87677e-07 1.07516e-06 
0.256856 1228.46 -3.36837e-05 -1.7904e-05 4.2413e-05 1.45346e-09 -7.30212e-08 -2.67399e-07 
0.257304 1225.41 1.67085e-06 -2.45907e-05 -1.16835e-05 1.53859e-09 2.66001e-07 -6.63584e-07 
0.257752 1222.35 4.59894e-05 4.86068e-05 -2.37933e-05 1.13367e-09 -2.18736e-07 1.27374e-06 
0.2582 1219.27 -3.26333e-05 -2.56635e-05 4.93379e-05 1.44273e-09 -2.80675e-08 -1.27546e-06 
0.258648 1216.17 -4.77069e-06 -1.88753e-05 -5.1714e-05 1.57233e-09 2.48377e-07 6.71587e-07 
0.259096 1213.05 4.71691e-05 4.78268e-05 2.921e-05 1.15135e-09 -2.46592e-07 2.62028e-07 
0.259545 1209.9 -3.1312e-05 -3.36167e-05 7.75804e-06 1.43008e-09 2.05333e-08 -1.06737e-06 
0.259993 1206.73 -1.02403e-05 -1.16817e-05 -4.12731e-05 1.59853e-09 2.24143e-07 1.3676e-06 
0.260441 1203.53 4.80737e-05 4.58361e-05 5.65025e-05 1.16669e-09 -2.68852e-07 -1.01673e-06 
0.260889 1200.31 -2.95414e-05 -4.02159e-05 -4.37703e-05 1.41606e-09 7.11511e-08 1.73203e-07 
0.261337 1197.05 -1.48734e-05 -2.5551e-06 9.85911e-06 1.61498e-09 1.88823e-07 7.54648e-07 
0.261785 1193.76 4.86671e-05 4.28093e-05 2.90185e-05 1.17725e-09 -2.8293e-07 -1.32248e-06 
0.262233 1190.43 -2.7414e-05 -4.46783e-05 -5.42227e-05 1.39784e-09 1.22408e-07 1.25734e-06 
0.262682 1187.07 -1.85255e-05 7.8842e-06 5.36672e-05 1.62053e-09 1.44074e-07 -5.94133e-07 
0.26313 1183.66 4.87062e-05 3.79682e-05 -2.6301e-05 1.18102e-09 -2.81812e-07 -3.5196e-07 
0.263578 1180.22 -2.48268e-05 -4.71471e-05 -1.26848e-05 1.36979e-09 1.70582e-07 1.12389e-06 
0.264026 1176.73 -2.12973e-05 1.78711e-05 4.56855e-05 1.60601e-09 8.99916e-08 -1.34996e-06 
0.264474 1173.2 4.82145e-05 3.07523e-05 -5.63994e-05 1.1705e-09 -2.68058e-07 9.33878e-07 
0.264922 1169.63 -2.17962e-05 -4.75712e-05 3.97336e-05 1.32816e-09 2.0744e-07 -7.40155e-08 
0.26537 1166.01 -2.30713e-05 2.59694e-05 -4.19566e-06 1.57121e-09 3.49587e-08 -7.97182e-07 
0.265819 1162.35 4.70679e-05 2.11447e-05 -3.19384e-05 1.14856e-09 -2.37899e-07 1.27776e-06 
0.266267 1158.65 -1.82918e-05 -4.65372e-05 5.2886e-05 1.27458e-09 2.29114e-07 -1.12801e-06 
0.266715 1154.91 -2.40922e-05 3.18349e-05 -4.70989e-05 1.51974e-09 -1.91586e-08 4.45301e-07 
0.267163 1151.14 4.53749e-05 1.1551e-05 1.90808e-05 1.11943e-09 -1.98296e-07 4.28745e-07 
0.267611 1147.33 -1.43544e-05 -4.30009e-05 1.72399e-05 1.21431e-09 2.36288e-07 -1.06864e-06 
0.268059 1143.49 -2.44862e-05 3.46623e-05 -4.42677e-05 1.45703e-09 -6.49178e-08 1.16518e-06 
0.268507 1139.63 4.32725e-05 1.97541e-06 4.89982e-05 1.08362e-09 -1.54234e-07 -6.94886e-07 
0.268955 1135.73 -9.97148e-06 -3.69477e-05 -2.88562e-05 1.14858e-09 2.30072e-07 -9.65023e-08 
0.269404 1131.81 -2.44255e-05 3.79913e-05 -3.87544e-06 1.38839e-09 -9.81257e-08 8.01117e-07 
0.269852 1127.86 4.08428e-05 -4.66538e-06 3.42156e-05 1.04868e-09 -1.09837e-07 -1.07752e-06 
0.2703 1123.89 -5.19381e-06 -3.1597e-05 -4.6004e-05 1.08161e-09 2.12468e-07 8.07761e-07 
0.270748 1119.9 -2.39445e-05 3.72194e-05 3.40352e-05 1.31262e-09 -1.20624e-07 -1.47378e-07 
0.271196 1115.89 3.80791e-05 -8.54856e-06 -5.52534e-06 1.00905e-09 -7.12503e-08 -5.45861e-07 
0.271644 1111.86 -2.35641e-07 -2.26328e-05 -2.44208e-05 1.00752e-09 1.89654e-07 9.28012e-07 
0.272092 1107.82 -2.31309e-05 3.69807e-05 4.11852e-05 1.22782e-09 -1.31084e-07 -8.12667e-07 
0.272541 1103.77 3.52648e-05 -1.39078e-05 -3.49404e-05 9.61865e-10 -4.10483e-08 2.92403e-07 
0.272989 1099.7 4.94139e-06 -1.88433e-05 1.15321e-05 9.25857e-10 1.66174e-07 3.561e-07 
0.273437 1095.62 -2.22468e-05 3.52509e-05 1.73314e-05 1.13873e-09 -1.32421e-07 -7.74462e-07 
0.273885 1091.54 3.24039e-05 -1.49521e-05 -3.58291e-05 9.11824e-10 -1.95722e-08 7.65564e-07 
0.274333 1087.44 1.03185e-05 -1.41525e-05 3.41655e-05 8.38994e-10 1.44793e-07 -3.45702e-07 
0.274781 1083.35 -2.11689e-05 3.21102e-05 -1.41237e-05 1.04115e-09 -1.31188e-07 -2.38195e-07 
0.275229 1079.25 2.93723e-05 -1.81849e-05 -1.24807e-05 8.50244e-10 -5.60996e-09 6.62474e-07 
0.275677 1075.15 1.57201e-05 -1.25472e-05 3.21873e-05 7.40188e-10 1.30515e-07 -7.0936e-07 
0.276126 1071.05 -1.99612e-05 2.92348e-05 -3.26124e-05 9.31551e-10 -1.27978e-07 3.5211e-07 
0.276574 1066.95 2.65307e-05 -1.91944e-05 1.54839e-05 7.76496e-10 3.69788e-09 1.87135e-07 
0.277022 1062.86 2.09608e-05 -8.77194e-06 1.02198e-05 6.30978e-10 1.21001e-07 -6.08958e-07 
0.27747 1058.77 -1.86912e-05 2.87303e-05 -2.99132e-05 8.12697e-10 -1.27405e-07 6.70258e-07 
0.277918 1054.69 2.38169e-05 -2.14975e-05 3.22534e-05 6.92515e-10 1.18882e-08 -3.49259e-07 
0.278366 1050.62 2.61923e-05 -7.75199e-06 -1.61021e-05 5.12637e-10 1.15766e-07 -1.73146e-07 
0.278814 1046.56 -1.74771e-05 2.80622e-05 -8.75353e-06 6.867e-10 -1.32136e-07 5.97254e-07 
0.279263 1042.51 2.1269e-05 -2.23637e-05 2.95661e-05 6.01777e-10 2.03847e-08 -6.74032e-07 
0.279711 1038.48 3.11143e-05 -3.66927e-06 -3.27087e-05 3.90943e-10 1.12236e-07 3.6421e-07 
0.280159 1034.46 -1.61488e-05 2.98055e-05 1.77428e-05 5.58198e-10 -1.40407e-07 1.67292e-07 
0.280607 1030.46 1.89288e-05 -2.37082e-05 7.91261e-06 5.04833e-10 3.41467e-08 -6.11998e-07 
0.281055 1026.48 3.57433e-05 -1.4046e-06 -2.96464e-05 2.65769e-10 1.08166e-07 7.15873e-07 
0.281503 1022.52 -1.48841e-05 2.80669e-05 3.46548e-05 4.28871e-10 -1.51606e-07 -4.04933e-07 
0.281951 1018.59 1.68584e-05 -2.69666e-05 -1.99107e-05 4.04485e-10 5.28685e-08 -1.43157e-07 
0.282399 1014.68 3.99815e-05 3.01637e-06 -6.1258e-06 1.41506e-10 9.97519e-08 6.30129e-07 
0.282848 1010.79 -1.34516e-05 2.78902e-05 3.01245e-05 3.02615e-10 -1.63049e-07 -7.72584e-07 
0.283296 1006.93 1.49589e-05 -2.94398e-05 -3.66901e-05 3.04599e-10 7.56562e-08 4.81085e-07 
0.283744 1003.1 4.35658e-05 7.30139e-06 2.33489e-05 2.30467e-11 8.43974e-08 9.42398e-08 
0.284192 999.305 -1.19505e-05 2.44705e-05 3.83607e-06 1.825e-10 -1.71332e-07 -6.327e-07 
0.28464 995.539 1.35828e-05 -3.39473e-05 -2.95385e-05 2.08705e-10 1.01453e-07 8.27534e-07 
0.285088 991.807 4.65963e-05 1.11463e-05 3.89291e-05 -8.50186e-11 6.23691e-08 -5.68058e-07 
0.285536 988.11 -1.05554e-05 2.06089e-05 -2.6757e-05 7.2145e-11 -1.73562e-07 -1.62749e-08 
0.285985 984.451 1.24223e-05 -3.54004e-05 -3.38029e-07 1.18292e-10 1.27161e-07 6.02351e-07 
0.286433 980.83 4.92281e-05 1.76132e-05 2.82664e-05 -1.82138e-10 3.42956e-08 -8.63645e-07 
0.286881 977.25 -8.77442e-06 1.71359e-05 -3.98584e-05 -2.65985e-11 -1.68005e-07 6.52467e-07 
0.287329 973.711 1.13365e-05 -3.58261e-05 3.02593e-05 3.53758e-11 1.4921e-07 -7.6337e-08 
0.287777 970.216 5.08798e-05 2.16347e-05 -3.18809e-06 -2.67293e-10 2.07322e-09 -5.39134e-07 
0.288225 966.765 -6.58972e-06 1.06394e-05 -2.54767e-05 -1.14e-10 -1.52506e-07 8.63137e-07 
0.288673 963.361 1.09063e-05 -3.44413e-05 3.98392e-05 -3.91663e-11 1.65073e-07 -7.12738e-07 
0.289122 960.004 5.15639e-05 2.70468e-05 -3.2224e-05 -3.37046e-10 -3.18586e-08 1.76681e-07 
0.28957 956.693 -4.38356e-06 6.28752e-06 6.87529e-06 -1.88163e-10 -1.28396e-07 4.52872e-07 
0.290018 953.429 1.07667e-05 -3.00314e-05 2.22155e-05 -1.05038e-10 1.72029e-07 -8.25677e-07 
0.290466 950.208 5.19435e-05 3.06099e-05 -3.78156e-05 -3.91736e-10 -6.279e-08 7.40463e-07 
0.290914 947.032 -1.97984e-06 2.54399e-07 3.30312e-05 -2.51033e-10 -9.89261e-08 -2.51209e-07 
0.291362 943.898 1.04441e-05 -2.62947e-05 -9.31107e-06 -1.63138e-10 1.68057e-07 -3.59061e-07 
0.29181 940.807 5.16157e-05 3.07892e-05 -1.83815e-05 -4.3381e-10 -8.7344e-08 7.52106e-07 
0.292258 937.757 1.20751e-06 -6.25216e-06 3.50968e-05 -3.03585e-10 -6.68811e-08 -7.23415e-07 
0.292707 934.747 1.02812e-05 -2.16078e-05 -3.18909e-05 -2.11784e-10 1.55679e-07 2.99078e-07 
0.293155 931.777 5.02937e-05 3.11787e-05 1.07248e-05 -4.63072e-10 -1.03746e-07 2.69822e-07 
0.293603 928.845 4.27281e-06 -9.63223e-06 1.53359e-05 -3.45285e-10 -3.66957e-08 -6.64734e-07 
0.294051 925.951 1.03795e-05 -1.63206e-05 -3.15081e-05 -2.51365e-10 1.37473e-07 6.71543e-07 
0.294499 923.095 4.8544e-05 2.85287e-05 2.97077e-05 -4.79635e-10 -1.10716e-07 -3.10527e-07 
0.294947 920.274 7.13943e-06 -1.42467e-05 -1.03743e-05 -3.76176e-10 -1.04944e-08 -2.04089e-07 
0.295395 917.489 1.04542e-05 -1.30149e-05 -1.28135e-05 -2.81371e-10 1.1554e-07 5.68927e-07 
0.295844 914.738 4.75404e-05 2.5131e-05 2.82482e-05 -4.83411e-10 -1.1051e-07 -5.9596e-07 
0.296292 912.021 1.14976e-05 -1.61258e-05 -2.59496e-05 -3.96545e-10 9.59277e-09 2.84478e-07 
0.29674 909.336 1.07488e-05 -8.80965e-06 9.26359e-06 -3.0024e-10 9.35654e-08 1.61886e-07 
0.297188 906.684 4.53473e-05 2.31852e-05 1.20461e-05 -4.74611e-10 -1.04249e-07 -4.80499e-07 
0.297636 904.063 1.39855e-05 -1.50353e-05 -2.44685e-05 -4.05873e-10 2.2044e-08 5.02082e-07 
0.298084 901.472 8.36949e-06 -4.81444e-06 2.23602e-05 -3.07633e-10 7.31575e-08 -2.33213e-07 
0.298532 898.911 4.0198e-05 2.03624e-05 -6.0268e-06 -4.53747e-10 -9.4053e-08 -1.46359e-07 
0.29898 896.378 1.5885e-05 -1.5242e-05 -1.14001e-05 -4.03716e-10 2.79836e-08 4.07427e-07 
0.299429 893.874 9.46127e-06 -3.69331e-06 2.23134e-05 -3.03579e-10 5.74138e-08 -4.04375e-07 
0.299877 891.396 4.23674e-05 1.80588e-05 -1.73359e-05 -4.21612e-10 -8.23085e-08 1.59316e-07 
0.300325 888.945 2.53719e-05 -1.34562e-05 3.10766e-06 -3.91603e-10 2.81275e-08 1.57347e-07 
0.300773 886.52 1.40502e-05 -1.7488e-06 1.29629e-05 -2.88889e-10 4.75228e-08 -3.51442e-07 
0.301221 884.119 4.08788e-05 1.75093e-05 -1.96368e-05 -3.79547e-10 -7.10257e-08 3.08067e-07 
0.301669 881.743 2.41704e-05 -1.14015e-05 1.33106e-05 -3.7109e-10 2.49831e-08 -7.16143e-08 
0.302117 879.389 4.33387e-06 -1.02357e-06 1.1909e-06 -2.65504e-10 4.29556e-08 -1.91743e-07 
0.302566 877.058 2.84564e-05 1.65165e-05 -1.46103e-05 -3.29798e-10 -6.36629e-08 3.11219e-07 
0.303014 874.748 2.173e-05 -1.19776e-05 1.80028e-05 -3.42892e-10 2.00405e-08 -2.1628e-07 
0.303462 872.459 5.00729e-06 -2.87644e-06 -9.07597e-06 -2.34273e-10 4.31079e-08 -2.29983e-08 
0.30391 870.19 3.28521e-05 1.5258e-05 -5.53579e-06 -2.74356e-10 -6.07901e-08 2.39609e-07 
0.304358 867.941 3.38702e-05 -1.23767e-05 1.69142e-05 -3.08474e-10 1.53666e-08 -2.84961e-07 
0.304806 865.71 1.20198e-05 -3.00194e-06 -1.67103e-05 -1.96258e-10 4.63024e-08 1.32335e-07 
0.305254 863.496 3.46153e-05 1.62657e-05 5.17031e-06 -2.14913e-10 -6.20703e-08 1.17053e-07 
0.305702 861.3 3.80274e-05 -1.27824e-05 1.00242e-05 -2.69861e-10 1.36808e-08 -2.91697e-07 
0.306151 859.119 1.11341e-05 -2.61513e-06 -1.93858e-05 -1.54056e-10 5.05364e-08 2.71995e-07 
0.306599 856.954 3.16431e-05 1.69894e-05 1.57648e-05 -1.533e-10 -6.76311e-08 -6.01921e-08 
0.307047 854.804 3.8695e-05 -1.49687e-05 -1.60672e-06 -2.28022e-10 1.65056e-08 -2.06664e-07 
0.307495 852.667 5.56599e-06 -2.99771e-06 -1.4226e-05 -1.0917e-10 5.47065e-08 3.48134e-07 
0.307943 850.543 2.18536e-05 1.6861e-05 2.18423e-05 -9.1817e-11 -7.54468e-08 -2.63983e-07 
0.308391 848.432 3.30506e-05 -1.74079e-05 -1.47965e-05 -1.84779e-10 2.37395e-08 -4.28937e-09 
0.308839 846.332 -6.61421e-07 -9.41798e-07 -1.49483e-06 -6.29137e-11 5.581e-08 2.87588e-07 
0.309288 844.243 1.83808e-05 1.83463e-05 1.8297e-05 -3.19626e-11 -8.43427e-08 -3.97927e-07 
0.309736 842.164 3.61053e-05 -1.83768e-05 -2.35929e-05 -1.40937e-10 3.45076e-08 2.55929e-07 
0.310184 840.094 6.19325e-07 2.78714e-06 1.40804e-05 -1.65134e-11 5.25869e-08 5.87847e-08 
0.310632 838.032 1.91218e-05 1.91164e-05 4.66889e-06 2.4828e-11 -9.26235e-08 -3.54129e-07 
0.31108 835.978 4.12324e-05 -2.02807e-05 -2.15392e-05 -9.79182e-11 4.76154e-08 4.3742e-07 
0.311528 833.932 5.75802e-06 5.67607e-06 2.50046e-05 2.84936e-11 4.46215e-08 -2.47199e-07 
0.311976 831.891 2.49393e-05 1.72928e-05 -1.30065e-05 7.75673e-11 -9.85877e-08 -1.04708e-07 
0.312425 829.856 4.87449e-05 -2.28574e-05 -7.37105e-06 -5.65231e-11 6.21898e-08 4.05516e-07 
0.312873 827.825 9.39147e-06 8.80568e-06 2.41128e-05 7.08469e-11 3.23868e-08 -4.63991e-07 
0.313321 825.799 2.55152e-05 1.51875e-05 -2.54014e-05 1.24591e-10 -1.00178e-07 2.33817e-07 
0.313769 823.775 4.9906e-05 -2.35159e-05 1.18389e-05 -1.79119e-11 7.66551e-08 1.44708e-07 
0.314217 821.754 9.64968e-06 1.30901e-05 1.01401e-05 1.08541e-10 1.65863e-08 -4.41856e-07 
0.314665 819.735 2.35591e-05 1.27731e-05 -2.53298e-05 1.63655e-10 -9.61455e-08 4.70967e-07 
0.315113 817.717 4.65301e-05 -2.34096e-05 2.53442e-05 1.60134e-11 8.83361e-08 -2.11363e-07 
0.315561 815.699 4.12413e-06 1.60682e-05 -9.6577e-06 1.39337e-10 -1.3562e-09 -1.78261e-07 
0.31601 813.681 1.65142e-05 8.17242e-06 -1.20334e-05 1.93862e-10 -8.6439e-08 4.5679e-07 
0.316458 811.664 4.07479e-05 -2.36616e-05 2.59157e-05 4.56467e-11 9.60775e-08 -4.57126e-07 
0.316906 809.648 -2.73054e-07 1.72425e-05 -2.39089e-05 1.64334e-10 -1.86069e-08 1.79756e-07 
0.317354 807.632 1.0658e-05 3.09647e-06 7.37653e-06 2.15723e-10 -7.27503e-08 2.01731e-07 
0.317802 805.616 3.43925e-05 -2.2294e-05 1.36533e-05 6.93027e-11 9.81511e-08 -4.53226e-07 
0.31825 803.602 -4.18658e-06 1.88826e-05 -2.5156e-05 1.81163e-10 -3.49991e-08 4.25096e-07 
0.318698 801.588 7.77218e-06 -2.83256e-07 2.17805e-05 2.28048e-10 -5.71611e-08 -1.40878e-07 
0.319147 799.575 3.25887e-05 -1.86137e-05 -4.30813e-06 8.66205e-11 9.53481e-08 -2.18319e-07 
0.319595 797.563 -3.4945e-06 2.03287e-05 -1.433e-05 1.90201e-10 -4.76843e-08 4.33894e-07 
0.320043 795.552 7.60815e-06 -3.02273e-06 2.40281e-05 2.32522e-10 -3.99415e-08 -3.76338e-07 
0.320491 793.541 3.2336e-05 -1.50982e-05 -1.82769e-05 9.87172e-11 8.76671e-08 9.68854e-08 
0.320939 791.532 9.22908e-07 1.97235e-05 1.67157e-06 1.92133e-10 -5.6377e-08 2.28185e-07 
0.321387 789.525 1.17352e-05 -6.11402e-06 1.49114e-05 2.29639e-10 -2.32454e-08 -3.97988e-07 
0.321835 787.518 3.46624e-05 -1.21084e-05 -2.16273e-05 1.05475e-10 7.68774e-08 3.17127e-07 
0.322283 785.513 6.2104e-06 1.81216e-05 1.44626e-05 1.87401e-10 -5.98094e-08 -4.98474e-08 
0.322732 783.509 1.57983e-05 -7.7368e-06 1.15407e-06 2.20279e-10 -8.86559e-09 -2.29792e-07 
0.32318 781.506 3.78416e-05 -8.31408e-06 -1.46956e-05 1.07531e-10 6.41492e-08 3.50411e-07 
0.323628 779.505 1.30085e-05 1.71486e-05 1.86226e-05 1.76429e-10 -5.88514e-08 -2.47828e-07 
0.324076 777.506 1.93114e-05 -7.35864e-06 -9.93645e-06 2.04963e-10 2.19092e-09 2.44451e-09 
0.324524 775.508 3.87298e-05 -4.56753e-06 -3.43695e-06 1.04535e-10 5.1303e-08 2.21218e-07 
0.324972 773.512 1.7884e-05 1.54837e-05 1.42454e-05 1.59258e-10 -5.41512e-08 -2.89899e-07 
0.32542 771.518 2.17735e-05 -7.13991e-06 -1.44441e-05 1.84248e-10 9.14657e-09 1.72512e-07 
0.325869 769.525 3.8638e-05 -2.87001e-06 5.86597e-06 9.66923e-11 3.90341e-08 3.77205e-08 
0.326317 767.534 2.02166e-05 1.22833e-05 5.74512e-06 1.36969e-10 -4.68931e-08 -2.01557e-07 
0.326765 765.546 2.10786e-05 -7.3913e-06 -1.24607e-05 1.59717e-10 1.21923e-08 2.19895e-07 
0.327213 763.559 3.62639e-05 -2.82638e-06 1.01075e-05 8.62436e-11 2.89797e-08 -9.86336e-08 
0.327661 761.574 2.14323e-05 9.35891e-06 -1.52548e-06 1.12195e-10 -3.83626e-08 -6.99935e-08 
0.328109 759.592 1.86914e-05 -6.49226e-06 -7.2379e-06 1.3356e-10 1.14712e-08 1.70436e-07 
0.328557 757.612 3.11303e-05 -2.45466e-06 1.01169e-05 7.36835e-11 2.20002e-08 -1.44606e-07 
0.329005 755.634 2.03838e-05 7.97993e-06 -5.31601e-06 8.43619e-11 -2.98863e-08 2.74962e-08 
0.329454 753.658 1.52724e-05 -4.54774e-06 -2.22277e-06 1.05365e-10 7.82768e-09 9.04342e-08 
0.329902 751.684 2.54556e-05 -2.42419e-06 8.129e-06 5.89799e-11 1.85513e-08 -1.27884e-07 
0.33035 749.714 1.8109e-05 7.28873e-06 -6.58252e-06 5.50721e-11 -2.23411e-08 6.66447e-08 
0.330798 747.745 1.01292e-05 -3.23724e-06 8.706e-07 7.70034e-11 2.43488e-09 3.5668e-08 
0.331246 745.779 1.93053e-05 -3.9059e-06 5.92207e-06 4.35704e-11 1.83041e-08 -9.74369e-08 
0.331694 743.816 1.62394e-05 6.3369e-06 -7.42621e-06 2.50538e-11 -1.71748e-08 7.43948e-08 
0.332142 741.855 4.77793e-06 -2.86138e-06 2.98467e-06 4.78285e-11 -3.82665e-09 1.02282e-08 
0.332591 739.898 1.2764e-05 -5.71786e-06 3.90823e-06 2.62342e-11 2.12291e-08 -8.65203e-08 
0.333039 737.943 1.40692e-05 6.56706e-06 -8.33423e-06 -6.14324e-12 -1.46006e-08 8.94649e-08 
0.333487 735.991 3.32423e-07 -2.14593e-06 5.99493e-06 1.94763e-11 -9.71796e-09 -1.33842e-08 
0.333935 734.041 7.35446e-06 -6.43837e-06 1.19915e-06 9.85302e-12 2.62292e-08 -8.35594e-08 
0.334383 732.095 1.18704e-05 8.67986e-06 -8.0551e-06 -3.54001e-11 -1.52216e-08 1.21816e-07 
0.334831 730.152 -3.8068e-06 -1.08284e-06 9.72322e-06 -6.3887e-12 -1.43884e-08 -6.46723e-08 
0.335279 728.212 3.13446e-06 -6.41309e-06 -3.37879e-06 -6.04651e-12 3.19862e-08 -5.32613e-08 
0.335728 726.275 1.09636e-05 1.09959e-05 -5.33701e-06 -6.31679e-11 -1.88361e-08 1.45694e-07 
0.336176 724.341 -7.23737e-06 -1.26201e-06 1.18537e-05 -2.97774e-11 -1.63394e-08 -1.38609e-07 
0.336624 722.411 -5.72794e-07 -6.96953e-06 -9.43246e-06 -2.06532e-11 3.85118e-08 2.57331e-08 
0.337072 720.484 1.10075e-05 1.23783e-05 5.49199e-07 -8.82455e-11 -2.44447e-08 1.19488e-07 
0.33752 718.56 -9.2023e-06 -3.16825e-06 9.91647e-06 -5.04574e-11 -1.55668e-08 -1.93441e-07 
0.337968 716.64 -3.19719e-06 -7.7372e-06 -1.39479e-05 -3.37431e-11 4.39063e-08 1.36137e-07 
0.338416 714.723 1.13475e-05 1.33826e-05 8.37771e-06 -1.09977e-10 -3.21474e-08 2.37069e-08 
0.338864 712.81 -1.04238e-05 -5.23115e-06 3.32579e-06 -6.73359e-11 -1.22715e-08 -1.80498e-07 
0.339313 710.9 -4.15465e-06 -7.27687e-06 -1.36857e-05 -4.42449e-11 4.77866e-08 2.24261e-07 
0.339761 708.994 1.22642e-05 1.48732e-05 1.49806e-05 -1.27577e-10 -3.99574e-08 -1.1513e-07 
0.340209 707.092 -1.12479e-05 -6.87188e-06 -6.0549e-06 -7.99411e-11 -6.34016e-09 -8.0455e-08 
0.340657 705.193 -4.19384e-06 -5.7535e-06 -7.30043e-06 -5.17482e-11 4.84682e-08 2.32167e-07 
0.341105 703.299 1.37964e-05 1.61179e-05 1.66112e-05 -1.39935e-10 -4.80252e-08 -2.33339e-07 
0.341553 701.408 -1.10588e-05 -8.97512e-06 -1.43743e-05 -8.71361e-11 1.93657e-09 7.72147e-08 
0.342001 699.521 -4.01448e-06 -4.29152e-06 3.10479e-06 -5.49897e-11 4.70436e-08 1.37472e-07 
0.34245 697.639 1.55025e-05 1.58283e-05 1.14464e-05 -1.45988e-10 -5.42917e-08 -2.67014e-07 
0.342898 695.76 -9.92608e-06 -1.18965e-05 -1.78938e-05 -8.87475e-11 1.16713e-08 2.22017e-07 
0.343346 693.886 -3.20517e-06 -3.11509e-06 1.31028e-05 -5.45369e-11 4.26163e-08 -2.77491e-08 
0.343794 692.015 1.70268e-05 1.44815e-05 1.06644e-06 -1.46524e-10 -5.86506e-08 -1.87868e-07 
0.344242 690.149 -8.62813e-06 -1.44822e-05 -1.43082e-05 -8.5362e-11 2.16107e-08 2.83556e-07 
0.34469 688.287 -1.54564e-06 -1.05195e-06 1.80523e-05 -5.07191e-11 3.58743e-08 -1.90165e-07 
0.345138 686.43 1.84965e-05 1.32631e-05 -1.00881e-05 -1.4227e-10 -5.99587e-08 -2.64022e-08 
0.345586 684.577 -7.36042e-06 -1.54519e-05 -4.71458e-06 -7.93153e-11 3.06833e-08 2.27399e-07 
0.346035 682.728 3.18122e-07 2.18622e-06 1.63073e-05 -4.60565e-11 2.70416e-08 -2.7609e-07 
0.346483 680.884 1.98979e-05 1.22348e-05 -1.71262e-05 -1.34925e-10 -5.85117e-08 1.44549e-07 
0.346931 679.045 -5.75786e-06 -1.51625e-05 6.36237e-06 -7.11315e-11 3.77638e-08 8.03319e-08 
0.347379 677.21 2.03131e-06 5.38567e-06 8.57043e-06 -4.01908e-11 1.65001e-08 -2.47025e-07 
0.347827 675.38 2.08635e-05 1.04837e-05 -1.65983e-05 -1.2498e-10 -5.47198e-08 2.50516e-07 
0.348275 673.554 -3.69794e-06 -1.47036e-05 1.43522e-05 -6.14384e-11 4.28711e-08 -8.94492e-08 
0.348723 671.734 3.63415e-06 7.41275e-06 -2.40038e-06 -3.28027e-11 6.2647e-09 -1.23486e-07 
0.349172 669.919 2.12732e-05 7.66235e-06 -1.02384e-05 -1.11728e-10 -4.80839e-08 2.49232e-07 
0.34962 668.108 -1.59753e-06 -1.4101e-05 1.6746e-05 -4.95186e-11 4.59057e-08 -2.08803e-07 
0.350068 666.303 5.28294e-06 8.45697e-06 -1.09753e-05 -2.3879e-11 -3.08788e-09 3.41286e-08 
0.350516 664.502 2.14353e-05 4.99104e-06 -1.42891e-06 -9.60044e-11 -4.02929e-08 1.53422e-07 
0.350964 662.707 4.15569e-08 -1.26543e-05 1.20718e-05 -3.57877e-11 4.57896e-08 -2.32989e-07 
0.351412 660.917 6.95767e-06 9.45688e-06 -1.42583e-05 -1.32211e-11 -1.08934e-08 1.57192e-07 
0.35186 659.133 2.13549e-05 3.23515e-06 7.08136e-06 -7.77779e-11 -3.13074e-08 1.52448e-08 
0.352309 657.353 1.52698e-06 -1.03173e-05 4.22867e-06 -2.11088e-11 4.34651e-08 -1.66654e-07 
0.352757 655.579 8.29875e-06 1.03732e-05 -1.2189e-05 -2.10567e-12 -1.68256e-08 2.00364e-07 
0.353205 653.811 2.07872e-05 1.87706e-06 1.12416e-05 -5.83823e-11 -2.25574e-08 -1.0294e-07 
0.353653 652.048 3.28302e-06 -7.95585e-06 -3.34406e-06 -6.50237e-12 3.87496e-08 -5.25494e-08 
0.354101 650.291 9.02785e-06 1.019e-05 -5.73948e-06 8.64776e-12 -2.04634e-08 1.61751e-07 
0.354549 648.539 1.99004e-05 1.5993e-07 1.11187e-05 -3.95019e-11 -1.41293e-08 -1.57398e-07 
0.354997 646.793 5.01656e-06 -6.41314e-06 -7.95179e-06 6.51993e-12 3.27821e-08 5.33546e-08 
0.355445 645.053 9.44527e-06 8.59411e-06 3.91367e-07 1.83434e-11 -2.14282e-08 7.45957e-08 
0.355894 643.319 1.87606e-05 -1.80089e-06 7.08405e-06 -2.13387e-11 -6.72528e-09 -1.41326e-07 
0.356342 641.59 6.28451e-06 -5.30892e-06 -8.36647e-06 1.76893e-11 2.60961e-08 1.09888e-07 
0.35679 639.868 9.97738e-06 6.49806e-06 4.82522e-06 2.60349e-11 -2.02092e-08 -1.29944e-08 
0.357238 638.151 1.71661e-05 -2.84328e-06 2.10366e-06 -5.28606e-12 -1.41914e-09 -7.9544e-08 
0.357686 636.441 7.35353e-06 -3.95763e-06 -6.26779e-06 2.6304e-11 1.87262e-08 1.07845e-07 
0.358134 634.736 1.02644e-05 4.73522e-06 5.42503e-06 3.18843e-11 -1.75187e-08 -6.40728e-08 
0.358582 633.038 1.53245e-05 -2.44447e-06 -1.46674e-06 8.56218e-12 1.72311e-09 -1.25782e-08 
0.359031 631.346 8.46603e-06 -2.20932e-06 -2.75227e-06 3.20718e-11 1.21e-08 6.6764e-08 
0.359479 629.661 9.88324e-06 3.66655e-06 4.29757e-06 3.53558e-11 -1.30139e-08 -6.8147e-08 
0.359927 627.981 1.36815e-05 -1.26003e-06 -2.56257e-06 1.99876e-11 2.91758e-09 2.64004e-08 
0.360375 626.308 9.27408e-06 -1.31011e-06 -6.12417e-07 3.51071e-11 6.56622e-09 1.95507e-08 
0.360823 624.642 9.22048e-06 2.16371e-06 2.18205e-06 3.63024e-11 -7.66363e-09 -4.07574e-08 
0.361271 622.982 1.19197e-05 -4.55264e-08 -1.58164e-06 2.84126e-11 2.00433e-09 2.83437e-08 
0.361719 621.329 9.88141e-06 -8.96237e-07 2.7462e-07 3.49335e-11 2.23027e-09 -4.78085e-09 
0.362167 619.682 8.58437e-06 8.99589e-07 1.6015e-06 3.49964e-11 -2.15126e-09 -1.01116e-08 
0.362616 618.042 9.65255e-06 4.26714e-07 -4.66592e-07 3.40828e-11 -3.45085e-10 6.99404e-09 
0.363064 616.408 1.06989e-05 -2.09768e-06 -7.88258e-07 3.18727e-11 1.91599e-12 2.38108e-09 
0.363512 614.782 7.56482e-06 -4.76872e-07 1.89464e-06 3.13939e-11 3.39416e-09 -8.32895e-10 
0.36396 613.162 7.43005e-06 2.34067e-06 -6.23132e-07 3.68815e-11 -4.10827e-09 -1.30867e-08 
0.364408 611.549 1.12667e-05 -1.50708e-06 -1.41448e-06 2.62417e-11 -7.61001e-10 2.71045e-08 
0.364856 609.943 6.34962e-06 -8.23139e-07 3.56904e-06 2.55798e-11 7.83074e-09 -2.02884e-08 
0.365304 608.344 5.48651e-06 3.29259e-06 -2.45111e-06 3.67647e-11 -8.96764e-09 -1.04624e-08 
0.365753 606.752 1.12896e-05 -2.91294e-06 -1.03673e-06 1.80588e-11 2.58924e-10 4.53124e-08 
0.366201 605.168 5.33158e-06 1.67179e-07 4.16558e-06 1.79929e-11 1.1124e-08 -5.41083e-08 
0.366649 603.59 3.32585e-06 6.78493e-06 -5.15536e-06 3.41266e-11 -1.41702e-08 2.14873e-08 
0.367097 602.02 1.1421e-05 -2.89617e-06 1.69571e-06 7.66845e-12 2.95743e-09 3.64439e-08 
0.367545 600.457 3.94934e-06 4.37615e-07 3.70967e-06 8.99239e-12 1.3112e-08 -7.8414e-08 
0.367993 598.901 1.32561e-06 6.2041e-06 -6.77917e-06 2.9428e-11 -1.90225e-08 6.81728e-08 
0.368441 597.352 1.15585e-05 -5.03523e-06 5.41046e-06 -4.11143e-12 6.89304e-09 -4.76063e-09 
0.368889 595.811 2.17198e-06 1.56728e-06 4.73936e-07 -1.0972e-12 1.31496e-08 -7.11554e-08 
0.369338 594.278 -2.06325e-07 7.0451e-06 -6.53041e-06 2.27771e-11 -2.33391e-08 1.04243e-07 
0.369786 592.752 1.11784e-05 -6.48632e-06 8.6512e-06 -1.69595e-11 1.19609e-08 -6.50598e-08 
0.370234 591.233 7.4515e-07 1.70095e-06 -3.81149e-06 -1.19506e-11 1.18108e-08 -2.62317e-08 
0.370682 589.722 -2.00697e-06 6.15404e-06 -3.15537e-06 1.45595e-11 -2.65046e-08 1.07134e-07 
0.37113 588.219 1.0957e-05 -8.89744e-06 9.49903e-06 -3.04503e-11 1.72437e-08 -1.16711e-07 
0.371578 586.724 -7.71013e-07 2.26413e-06 -8.44618e-06 -2.30083e-11 8.78367e-09 4.37147e-08 
0.372026 585.236 -3.83849e-06 5.87541e-06 1.60028e-06 5.464e-12 -2.82555e-08 6.63221e-08 
0.372475 583.756 1.08925e-05 -9.04219e-06 6.82874e-06 -4.39796e-11 2.24606e-08 -1.35295e-07 
0.372923 582.284 -2.66879e-06 5.17994e-06 -1.08016e-05 -3.38771e-11 4.4592e-09 1.11388e-07 
0.373371 580.82 -4.97946e-06 5.15704e-06 7.25164e-06 -4.32365e-12 -2.86443e-08 -7.28337e-09 
0.373819 579.364 1.01055e-05 -1.02052e-05 1.82674e-06 -5.73226e-11 2.70181e-08 -1.0653e-07 
0.374267 577.916 -4.01662e-06 6.07161e-06 -9.74943e-06 -4.46085e-11 -5.26786e-10 1.49364e-07 
0.374715 576.476 -6.25455e-06 3.782e-06 1.08315e-05 -1.50129e-11 -2.7104e-08 -8.74244e-08 
0.375163 575.044 9.22319e-06 -9.98612e-06 -4.62034e-06 -7.0223e-11 3.08476e-08 -3.73587e-08 
0.375612 573.621 -5.15656e-06 7.64535e-06 -5.48132e-06 -5.47551e-11 -6.02256e-09 1.3926e-07 
0.37606 572.205 -7.6613e-06 2.85357e-06 1.15867e-05 -2.5599e-11 -2.43167e-08 -1.43862e-07 
0.376508 570.798 8.70639e-06 -9.91271e-06 -9.39412e-06 -8.17092e-11 3.31115e-08 4.87739e-08 
0.376956 569.398 -6.87559e-06 8.10687e-06 1.20419e-06 -6.37937e-11 -1.16651e-08 8.19476e-08 
0.377404 568.007 -8.18457e-06 -2.78839e-07 8.71641e-06 -3.56996e-11 -2.02399e-08 -1.55865e-07 
0.377852 566.624 7.47014e-06 -1.04164e-05 -1.16686e-05 -9.20292e-11 3.38935e-08 1.20883e-07 
0.3783 565.248 -8.12208e-06 8.97837e-06 7.00972e-06 -7.19758e-11 -1.68722e-08 -1.0544e-09 
0.378748 563.88 -8.63171e-06 -1.62643e-06 2.96029e-06 -4.53682e-11 -1.52914e-08 -1.17314e-07 
0.379197 562.52 5.98616e-06 -8.23068e-06 -1.03208e-05 -1.00557e-10 3.30947e-08 1.53887e-07 
0.379645 561.167 -8.8578e-06 1.01038e-05 1.09503e-05 -7.8178e-11 -2.1116e-08 -8.273e-08 
0.380093 559.821 -9.57085e-06 -2.31115e-06 -3.16767e-06 -5.36887e-11 -9.62782e-09 -4.45488e-08 
0.380541 558.483 5.17954e-06 -6.7187e-06 -5.91382e-06 -1.06896e-10 3.10781e-08 1.38305e-07 
0.380989 557.153 -1.02285e-05 9.81799e-06 1.11342e-05 -8.28913e-11 -2.4204e-08 -1.34196e-07 
0.381437 555.829 -9.72198e-06 -3.41744e-06 -8.41388e-06 -6.10727e-11 -4.12334e-09 3.75512e-08 
0.381885 554.513 3.88569e-06 -4.73991e-06 -4.32123e-07 -1.11495e-10 2.77648e-08 8.1941e-08 
0.382334 553.204 -1.13046e-05 1.08273e-05 8.15137e-06 -8.59246e-11 -2.59411e-08 -1.41128e-07 
0.382782 551.901 -9.6226e-06 -3.90312e-06 -1.03732e-05 -6.63951e-11 1.36413e-09 1.01924e-07 
0.38323 550.606 2.09738e-06 -2.27366e-06 5.1833e-06 -1.13238e-10 2.38693e-08 6.94864e-09 
0.383678 549.317 -1.15178e-05 1.01813e-05 3.53328e-06 -8.6597e-11 -2.63709e-08 -1.06105e-07 
0.384126 548.035 -1.02651e-05 -5.51358e-06 -9.10941e-06 -6.98801e-11 6.14816e-09 1.27934e-07 
0.384574 546.76 1.11738e-06 -1.67388e-06 8.39054e-06 -1.12604e-10 1.90272e-08 -6.10471e-08 
0.385022 545.491 -1.22766e-05 7.77818e-06 -1.80506e-06 -8.54133e-11 -2.58837e-08 -4.3126e-08 
0.38547 544.229 -1.03583e-05 -6.02103e-06 -5.56487e-06 -7.15669e-11 9.83825e-09 1.13673e-07 
0.385919 542.973 -6.644e-08 -5.41268e-07 8.87281e-06 -1.09344e-10 1.3793e-08 -1.01969e-07 
0.386367 541.723 -1.3019e-05 7.08109e-06 -5.38111e-06 -8.22575e-11 -2.38733e-08 2.17552e-08 
0.386815 540.48 -9.9104e-06 -5.52801e-06 -7.01081e-07 -7.14986e-11 1.27548e-08 6.81243e-08 
0.387263 539.242 -1.97009e-06 9.50512e-07 6.93936e-06 -1.04374e-10 8.75094e-09 -1.05393e-07 
0.387711 538.011 -1.2784e-05 5.7867e-06 -6.96247e-06 -7.79308e-11 -2.10097e-08 6.94876e-08 
0.388159 536.786 -1.02552e-05 -6.12579e-06 3.01495e-06 -6.97708e-11 1.43184e-08 1.13594e-08 
0.388607 535.566 -3.12848e-06 1.96404e-06 2.96348e-06 -9.74379e-11 4.30349e-09 -7.68243e-08 
0.389056 534.353 -1.28988e-05 3.89754e-06 -6.37088e-06 -7.20153e-11 -1.71953e-08 8.62869e-08 
0.389504 533.145 -1.03139e-05 -5.13166e-06 5.04549e-06 -6.63366e-11 1.48657e-08 -3.76976e-08 
0.389952 531.943 -4.19018e-06 3.22724e-06 -5.52882e-07 -8.87826e-11 2.21107e-10 -3.13966e-08 
0.3904 530.747 -1.3294e-05 3.18231e-06 -3.72237e-06 -6.469e-11 -1.34328e-08 7.32569e-08 
0.390848 529.556 -9.68503e-06 -3.50633e-06 5.22439e-06 -6.11353e-11 1.40007e-08 -6.35304e-08 
0.391296 528.37 -5.99809e-06 2.96022e-06 -2.98375e-06 -7.81832e-11 -3.09385e-09 1.21539e-08 
0.391744 527.19 -1.27187e-05 1.66097e-06 -9.80067e-07 -5.59866e-11 -9.13911e-09 4.03025e-08 
0.392192 526.015 -9.72352e-06 -3.88804e-06 3.45713e-06 -5.48321e-11 1.24151e-08 -6.08662e-08 
0.392641 524.845 -7.14543e-06 1.89272e-06 -3.76049e-06 -6.65888e-11 -5.40832e-09 4.01745e-08 
0.393089 523.68 -1.22675e-05 -4.00314e-07 1.34233e-06 -4.6434e-11 -5.08889e-09 2.59724e-09 
0.393537 522.52 -9.78412e-06 -3.28015e-06 1.49295e-06 -4.74101e-11 9.92475e-09 -3.76794e-08 
0.393985 521.366 -8.07516e-06 2.05378e-06 -2.49584e-06 -5.4091e-11 -6.48615e-09 4.489e-08 
0.394433 520.216 -1.24666e-05 -1.29451e-06 2.56305e-06 -3.65934e-11 -1.25624e-09 -2.51388e-08 
0.394881 519.071 -9.31783e-06 -1.15511e-06 -2.67607e-07 -3.95203e-11 6.84444e-09 -6.82663e-09 
0.395329 517.93 -9.66355e-06 1.4953e-06 -8.37133e-07 -4.11312e-11 -6.71477e-09 2.97928e-08 
0.395778 516.795 -1.15803e-05 -1.64978e-06 1.91379e-06 -2.64668e-11 1.82221e-09 -3.25742e-08 
0.396226 515.663 -8.80728e-06 -2.71005e-07 -1.44465e-06 -3.09779e-11 3.33703e-09 1.84668e-08 
0.396674 514.537 -1.01138e-05 3.46524e-07 7.84126e-07 -2.79269e-11 -6.06213e-09 3.98093e-09 
0.397122 513.414 -1.03178e-05 -1.39954e-06 4.32042e-07 -1.65241e-11 4.2477e-09 -2.11227e-08 
0.39757 512.297 -8.86571e-06 7.52677e-07 -9.50949e-07 -2.21014e-11 -1.27119e-10 2.72084e-08 
0.398018 511.183 -1.14389e-05 6.92769e-07 1.82041e-06 -1.44526e-11 -4.35296e-09 -1.97167e-08 
0.398466 510.073 -1.14689e-05 -5.31845e-07 -1.27299e-06 -6.43973e-12 6.01933e-09 2.39481e-09 
0.398915 508.968 -9.84818e-06 2.76171e-06 3.90245e-07 -1.28552e-11 -3.48161e-09 1.7481e-08 
0.399363 507.866 -1.33176e-05 2.17675e-07 1.12847e-06 -1.08263e-12 -2.08225e-09 -3.03552e-08 
0.399811 506.769 -9.92554e-06 -1.89477e-07 -2.63337e-06 3.66686e-12 6.69284e-09 2.59868e-08 
0.400259 505.675 -7.35598e-06 3.30728e-06 2.07163e-06 -2.9828e-12 -6.60042e-09 -5.48872e-09 
0.400707 504.585 -1.09531e-05 -2.09766e-06 -6.03296e-07 1.2598e-11 7.6471e-10 -2.22246e-08 
0.401155 503.499 -6.45305e-06 7.02307e-11 -2.13149e-06 1.4032e-11 6.59033e-09 3.90803e-08 
0.401603 502.417 -7.06718e-06 2.77629e-06 3.6906e-06 7.09889e-12 -9.13388e-09 -3.17918e-08 
0.402051 501.338 -1.36404e-05 -3.12781e-06 -2.59159e-06 2.60322e-11 3.98607e-09 9.37438e-10 
0.4025 500.262 -1.02761e-05 9.21009e-07 -7.37705e-08 2.43756e-11 5.76351e-09 3.44181e-08 
0.402948 499.19 -1.1072e-05 3.24648e-06 3.61783e-06 1.74481e-11 -1.10232e-08 -4.98047e-08 
0.403396 498.122 -1.67076e-05 -3.22191e-06 -4.40946e-06 3.9444e-11 7.19576e-09 3.06712e-08 
0.403844 497.056 -8.79069e-06 1.85422e-06 2.40165e-06 3.46307e-11 4.06728e-09 1.25623e-08 
0.404292 495.994 -7.7434e-06 3.60051e-06 1.87905e-06 2.8065e-11 -1.22161e-08 -5.07089e-08 
0.40474 494.935 -1.30375e-05 -4.44454e-06 -4.80847e-06 5.27753e-11 1.02646e-08 5.5759e-08 
0.405188 493.878 -4.52689e-06 2.73682e-06 4.8873e-06 4.46719e-11 1.65164e-09 -2.00176e-08 
0.405637 492.825 -6.22201e-06 2.77417e-06 -5.82132e-07 3.86401e-11 -1.26464e-08 -3.29994e-08 
0.406085 491.775 -1.28355e-05 -5.07896e-06 -3.50516e-06 6.53781e-11 1.30155e-08 6.57885e-08 
0.406533 490.727 -4.30511e-06 4.2598e-06 6.19822e-06 5.41969e-11 -1.21089e-09 -5.23356e-08 
0.406981 489.683 -6.50156e-06 2.29447e-06 -3.50331e-06 4.89753e-11 -1.23444e-08 -5.59566e-10 
0.407429 488.64 -1.41424e-05 -4.35734e-06 -1.41599e-06 7.70346e-11 1.52071e-08 5.64104e-08 
0.407877 487.601 -5.68424e-06 5.49619e-06 5.68327e-06 6.28076e-11 -4.21627e-09 -7.31519e-08 
0.408325 486.564 -9.603e-06 1.88706e-06 -6.02823e-06 5.8388e-11 -1.11018e-08 3.67769e-08 
0.408773 485.529 -1.75318e-05 -4.69774e-06 1.38043e-06 8.72767e-11 1.69229e-08 2.84005e-08 
0.409222 484.497 -6.83383e-06 5.6938e-06 4.11223e-06 7.02642e-11 -7.30786e-09 -7.55782e-08 
0.40967 483.467 -9.73094e-06 3.23965e-08 -7.04052e-06 6.66049e-11 -9.30627e-09 6.77794e-08 
0.410118 482.439 -1.57037e-05 -5.86787e-06 4.70832e-06 9.56677e-11 1.78328e-08 -1.00974e-08 
0.410566 481.414 -4.09385e-06 5.70076e-06 1.41465e-06 7.61725e-11 -1.03487e-08 -5.7073e-08 
0.411014 480.39 -7.53269e-06 -1.95844e-06 -6.48244e-06 7.33438e-11 -7.01085e-09 8.3328e-08 
0.411462 479.369 -1.36263e-05 -5.5142e-06 7.04927e-06 1.02033e-10 1.80417e-08 -4.84323e-08 
0.41191 478.349 -1.18212e-06 6.19082e-06 -2.36776e-06 8.02495e-11 -1.2904e-08 -2.26261e-08 
0.412359 477.332 -4.82891e-06 -2.6072e-06 -4.30502e-06 7.82253e-11 -4.29809e-09 7.80202e-08 
0.412807 476.316 -1.10643e-05 -4.40302e-06 7.80188e-06 1.06198e-10 1.75267e-08 -7.67098e-08 
0.413255 475.303 4.88344e-07 6.65991e-06 -5.5904e-06 8.25569e-11 -1.49627e-08 1.82273e-08 
0.413703 474.291 -5.5748e-06 -3.24867e-06 -4.28355e-07 8.14969e-11 -1.37296e-09 5.37383e-08 
0.414151 473.282 -1.22675e-05 -3.93276e-06 6.81877e-06 1.08447e-10 1.64269e-08 -8.62216e-08 
0.414599 472.274 -1.0381e-06 6.70752e-06 -7.24498e-06 8.34776e-11 -1.65228e-08 5.54817e-08 
0.415047 471.268 -7.22144e-06 -4.45383e-06 3.46057e-06 8.35979e-11 1.59216e-09 1.64645e-08 
0.415495 470.264 -1.38112e-05 -2.97521e-06 3.82797e-06 1.09181e-10 1.47756e-08 -7.55901e-08 
0.415944 469.261 -3.17731e-06 6.80205e-06 -7.34856e-06 8.30206e-11 -1.75915e-08 7.9501e-08 
0.416392 468.261 -9.89991e-06 -4.76296e-06 5.8882e-06 8.40711e-11 4.4383e-09 -2.44314e-08 
0.41684 467.262 -1.54248e-05 -1.11712e-06 1.28817e-07 1.07972e-10 1.26578e-08 -4.85266e-08 
0.417288 466.264 -3.51342e-06 6.99419e-06 -5.89107e-06 8.11498e-11 -1.80176e-08 8.46979e-08 
0.417736 465.269 -9.69337e-06 -4.54363e-06 7.06964e-06 8.33805e-11 7.10048e-09 -5.78608e-08 
0.418184 464.274 -1.41379e-05 1.09858e-07 -2.91918e-06 1.05709e-10 1.03062e-08 -1.11355e-08 
0.418632 463.282 -2.49743e-06 6.45382e-06 -3.27725e-06 7.89201e-11 -1.77585e-08 7.04299e-08 
0.419081 462.291 -8.30658e-06 -5.3328e-06 7.11076e-06 8.23891e-11 9.28896e-09 -7.718e-08 
0.419529 461.301 -1.1251e-05 3.74512e-07 -5.32292e-06 1.02912e-10 7.53771e-09 2.67508e-08 
0.419977 460.313 6.66093e-07 5.09524e-06 -3.14723e-07 7.61417e-11 -1.71651e-08 4.1458e-08 
0.420425 459.327 -5.35662e-06 -6.25308e-06 5.6256e-06 8.05664e-11 1.09261e-08 -7.84604e-08 
0.420873 458.342 -8.3705e-06 1.0594e-06 -6.95208e-06 9.92286e-11 4.72359e-09 5.63338e-08 
0.421321 457.358 2.69618e-06 4.15815e-06 2.68569e-06 7.27768e-11 -1.58927e-08 5.9373e-09 
0.421769 456.375 -3.52161e-06 -5.87456e-06 3.05842e-06 7.82085e-11 1.23317e-08 -6.22963e-08 
0.422218 455.394 -5.87783e-06 2.41345e-06 -6.79404e-06 9.48495e-11 2.07934e-09 7.1467e-08 
0.422666 454.414 3.87851e-06 3.95072e-06 5.45229e-06 6.912e-11 -1.42148e-08 -2.78986e-08 
0.423114 453.436 -3.37368e-06 -4.98889e-06 8.47632e-08 7.55118e-11 1.31622e-08 -3.48882e-08 
0.423562 452.459 -5.90147e-06 3.48154e-06 -4.73338e-06 8.99326e-11 -3.59329e-10 6.91797e-08 
0.42401 451.482 2.93466e-06 3.32287e-06 6.63202e-06 6.54186e-11 -1.21002e-08 -5.23487e-08 
0.424458 450.508 -4.25547e-06 -4.73732e-06 -2.76915e-06 7.26941e-11 1.34988e-08 -2.58651e-09 
0.424906 449.534 -6.65435e-06 3.9172e-06 -1.99841e-06 8.50195e-11 -2.59307e-09 5.27332e-08 
0.425354 448.561 7.69877e-07 2.17564e-06 5.69481e-06 6.17974e-11 -9.90022e-09 -6.2704e-08 
0.425803 447.589 -6.67086e-06 -4.35895e-06 -4.56724e-06 6.95389e-11 1.31496e-08 2.63095e-08 
0.426251 446.619 -8.18239e-06 4.28725e-06 5.03376e-07 7.98825e-11 -4.55623e-09 2.71743e-08 
0.426699 445.649 -1.13501e-06 1.43222e-06 3.88292e-06 5.81336e-11 -7.58429e-09 -5.81726e-08 
0.427147 444.681 -8.32148e-06 -3.33046e-06 -4.86718e-06 6.63573e-11 1.23347e-08 4.56787e-08 
0.427595 443.713 -9.39074e-06 4.76363e-06 2.55644e-06 7.45305e-11 -6.09684e-09 -9.68417e-10 
0.428043 442.746 -3.01775e-06 9.64183e-07 1.96557e-06 5.42015e-11 -5.18981e-09 -4.22666e-08 
0.428491 441.781 -9.21298e-06 -2.57645e-06 -4.25948e-06 6.2737e-11 1.13243e-08 5.18562e-08 
0.42894 440.816 -9.02096e-06 4.5119e-06 3.76748e-06 6.86071e-11 -7.06978e-09 -2.44592e-08 
0.429388 439.851 -3.30185e-06 -2.3482e-07 -2.48434e-07 5.01888e-11 -2.90637e-09 -1.88143e-08 
0.429836 438.888 -9.08407e-06 -2.6028e-06 -3.22904e-06 5.90875e-11 9.83113e-09 4.59464e-08 
0.430284 437.926 -7.96329e-06 3.43269e-06 3.96285e-06 6.28621e-11 -7.75613e-09 -3.87467e-08 
0.430732 436.964 -2.42487e-06 -1.75596e-06 -2.29906e-06 4.6452e-11 -7.7682e-10 4.72096e-09 
0.43118 436.003 -7.29189e-06 -2.55703e-06 -1.44659e-06 5.52214e-11 8.09398e-09 3.03864e-08 
0.431628 435.043 -5.61055e-06 2.58006e-06 3.41793e-06 5.70195e-11 -7.90776e-09 -4.12588e-08 
0.432076 434.083 -1.07978e-06 -2.33073e-06 -3.25977e-06 4.27071e-11 1.07402e-09 2.308e-08 
0.432525 433.124 -5.14783e-06 -1.60726e-06 8.12618e-07 5.14151e-11 6.01852e-09 1.01537e-08 
0.432973 432.165 -2.52318e-06 2.49919e-06 2.11942e-06 5.13247e-11 -7.57538e-09 -3.33844e-08 
0.433421 431.207 1.08269e-06 -2.04026e-06 -2.9439e-06 3.89594e-11 2.68093e-09 3.19859e-08 
0.433869 430.25 -2.698e-06 -3.21314e-07 2.31913e-06 4.74622e-11 3.99892e-09 -8.9683e-09 
0.434317 429.293 1.26761e-07 2.37924e-06 3.58774e-07 4.54652e-11 -6.80761e-09 -1.81745e-08 
0.434765 428.337 2.91977e-06 -1.89451e-06 -1.90337e-06 3.53347e-11 3.78997e-09 3.07247e-08 
0.435213 427.381 -1.31277e-07 4.14686e-07 2.48442e-06 4.34775e-11 1.93467e-09 -2.21023e-08 
0.435662 426.425 2.70606e-06 1.57252e-06 -1.06303e-06 3.95848e-11 -5.77403e-09 -9.07954e-10 
0.43611 425.47 4.06031e-06 -2.0832e-06 -6.15201e-07 3.17254e-11 4.56352e-09 2.08138e-08 
0.436558 424.516 1.47989e-06 7.59521e-07 2.01451e-06 3.92255e-11 4.92344e-11 -2.59658e-08 
0.437006 423.561 4.66488e-06 6.51919e-07 -1.60989e-06 3.38291e-11 -4.41408e-09 1.41044e-08 
0.437454 422.607 4.87645e-06 -1.88772e-06 7.81458e-07 2.83083e-11 5.01719e-09 5.92427e-09 
0.437902 421.653 2.45597e-06 1.34969e-06 1.2235e-06 3.5021e-11 -1.71208e-09 -2.12159e-08 
0.43835 420.7 5.50352e-06 1.75182e-07 -1.54261e-06 2.81546e-11 -2.79665e-09 2.2178e-08 
0.438798 419.746 4.69989e-06 -1.16671e-06 1.78044e-06 2.48455e-11 5.05607e-09 -9.36044e-09 
0.439247 418.793 2.99722e-06 2.00298e-06 -2.15261e-07 3.09299e-11 -3.3092e-09 -9.35098e-09 
0.439695 417.84 5.84307e-06 -3.03813e-07 -1.1778e-06 2.27338e-11 -9.96191e-10 2.19662e-08 
0.440143 416.887 3.65396e-06 -6.43225e-07 1.95447e-06 2.17008e-11 4.59401e-09 -2.04825e-08 
0.440591 415.935 2.61546e-06 2.06326e-06 -1.6839e-06 2.7015e-11 -4.66359e-09 5.71459e-09 
0.441039 414.982 5.60888e-06 -1.34092e-06 -9.25247e-08 1.75426e-11 8.52094e-10 1.33878e-08 
0.441487 414.03 2.43446e-06 -5.24771e-07 1.39618e-06 1.88857e-11 3.73113e-09 -2.46703e-08 
0.441935 413.077 1.75141e-06 1.63552e-06 -2.56288e-06 2.31311e-11 -5.572e-09 1.95898e-08 
0.442384 412.124 4.6533e-06 -2.41928e-06 1.62824e-06 1.25798e-11 2.79221e-09 -5.82494e-10 
0.442832 411.172 7.63013e-07 -8.54064e-08 5.83785e-07 1.62352e-11 2.66356e-09 -2.00901e-08 
0.44328 410.219 9.11568e-07 1.50738e-06 -2.40387e-06 1.92798e-11 -6.16936e-09 2.83377e-08 
0.443728 409.266 3.60522e-06 -2.69241e-06 2.71594e-06 7.83906e-12 4.50297e-09 -1.6443e-08 
0.444176 408.314 -1.29292e-06 1.1512e-06 -9.84524e-07 1.35558e-11 1.26558e-09 -8.19204e-09 
0.444624 407.361 -2.00975e-07 1.9544e-06 -1.22673e-06 1.54541e-11 -6.42876e-09 2.90169e-08 
0.445072 406.407 2.63645e-06 -2.35245e-06 3.36434e-06 3.17956e-12 6.19225e-09 -2.97676e-08 
0.445521 405.454 -3.08064e-06 2.65023e-06 -2.78545e-06 1.08949e-11 -3.18025e-10 8.44e-09 
0.445969 404.5 -1.38517e-06 2.22361e-06 -2.10002e-07 1.16571e-11 -6.3717e-09 2.10407e-08 
0.446417 403.547 1.50101e-06 -2.2608e-06 3.09589e-06 -1.35154e-12 7.67297e-09 -3.69847e-08 
0.446865 402.592 -4.64133e-06 3.59992e-06 -3.47216e-06 8.50252e-12 -2.1525e-09 2.56662e-08 
0.447313 401.638 -2.1485e-06 1.64982e-06 1.81783e-06 8.00894e-12 -5.93542e-09 5.93808e-09 
0.447761 400.683 5.40483e-07 -2.71335e-06 1.95858e-06 -5.48181e-12 8.93411e-09 -3.55036e-08 
